
dbg > set sn  1716
dbg > db /raw /d
Lowtask disabled

Raw Data
--------------
Total Samples: 19
1,08/05/10,10:14:25,1,e915650608056056982574555406184553523,65,915650,976,896,976,-28110,-28578, 0.89600003,731.013,  0.000,49,2,210,0,0,3,282,56,34,0,0,59,00,00,00,0000,0000,0000,0,0,0,0,0,0,0000,0000,0,475053,0,0,0,288216,0,0,0,0,0,0,0,0,0,0,0,0,19,31,9,0,0,9,83,61,61,0,0,61,  7.39626, 41.256, 95.707,41.09,95.68,0.09,0.00,0.00,7.40,75626.98,224306.69,31867.74,0.00,0.00,518789.84,29890.82,221831.02,32476.88,0.00,0.00,111811.13,32394.259766,158145.125000,30291.425781,0.000000,0.000000,117694.601563,  6.03488,1595,2914,2339,2703,2709,1696,855,2914,1293,2705,1528,1695,0,0,0,0,0,0,  0.00000,  0.00000,  0.00000,  0.00000,1960,1961,      0.000,      0.000, 0.0000000, 0.0000000, 0.0000000, 0.0000000,      0.000,      0.000,      0.000,      0.000,      0.000,      0.000,      0.000,      0.000,      0.000,      0.000,      0.000,      0.000,      0.000,      0.000,      0.000,      0.000,      0.000,      0.000,      0.000,      0.000,      0.000,      0.000,      0.000,      0.000,      0.000,      0.000,      0.000,      0.000,      0.000,      0.000,      0.000,      0.000,      0.000,  33178.781,  32962.195,  32771.480,  32606.961,  32480.828,  32381.562,  32289.611,  32045.820,  31713.537,  31455.486,  31249.662,  31075.057,  30934.078,  30807.600,  30692.291,  30586.135,  30510.047,  30433.379,  30374.426,  30314.094,  30281.244,  30249.088,  30228.873,  30211.742,  30205.555,  30205.869,  30214.635,  30230.996,  30235.342,  30259.139,  0.0000000,  0.0000000,  0.0000000,  0.0000000,  0.0000000,
2,08/05/10,10:24:20,2,e915650608056056982574555406184553523,65,915650,912,864,992,-27545,463, 0.89600003,731.013,  0.000,119,4,122,0,0,133,279,49,769,0,0,53,00,00,00,0000,0000,0000,0,0,0,0,0,0,0000,0000,0,470097,0,0,0,281572,0,0,0,0,0,0,0,0,0,0,0,0,21,29,9,0,0,9,73,39,61,0,0,61,  7.39627, 41.255, 95.705,40.85,95.75,0.08,0.00,0.00,7.40,77079.11,218388.83,31360.99,0.00,0.00,506830.69,30345.50,219518.39,57184.79,0.00,0.00,128236.34,35057.289062,237238.406250,41641.566406,0.000000,0.000000,147885.343750,  6.03488,1601,2914,2345,2703,2736,1695,1030,2913,1381,2708,1631,1696,0,0,0,0,0,0,  0.00000,  0.00000,  9.57500, 63.75291,0,0,      0.000,      0.000, 0.0000000, 0.0000000, 0.0000000, 0.0000000,      0.000,      0.000,      0.000,      0.000,      0.000,      0.000,      0.000,      0.000,      0.000,      0.000,      0.000,      0.000,      0.000,      0.000,      0.000,      0.000,      0.000,      0.000,      0.000,      0.000,      0.000,      0.000,      0.000,      0.000,      0.000,      0.000,      0.000,      0.000,      0.000,      0.000,      0.000,      0.000,      0.000,  32050.986,  31946.725,  31845.250,  31632.107,  31381.596,  31266.654,  31262.361,  31326.203,  31457.527,  31637.201,  31870.047,  32128.850,  32427.965,  32755.984,  33100.398,  33477.289,  33880.313,  34305.707,  34755.895,  35217.680,  35718.367,  36232.340,  36773.340,  37329.102,  37903.387,  38491.902,  39108.941,  39727.066,  40361.383,  41007.855,  0.0000000,  0.0000000,  0.0000000,  0.0000000,  0.0000000,
3,08/05/10,10:29:15,3,e915650608056056982574555406184553523,65,915650,912,1008,928,-27265,175, 0.89600003,731.013,  0.000,127,2,163,0,0,136,281,44,741,0,0,53,00,00,00,0000,0000,0000,0,0,0,0,0,0,0000,0000,0,474079,0,0,0,293998,0,0,0,0,0,0,0,0,0,0,0,0,21,29,9,0,0,9,69,43,61,0,0,61,  7.39627, 41.255, 95.705,40.82,95.73,0.09,0.00,0.00,7.40,77923.81,228133.14,32063.22,0.00,0.00,529198.13,30812.54,221377.89,55575.77,0.00,0.00,135051.69,35648.390625,235058.765625,41910.742187,0.000000,0.000000,155005.171875,  6.03488,1593,2918,2362,2704,2720,1696,1004,2893,1361,2704,1612,1696,0,0,0,0,0,0,  0.00000,  0.00000,  9.71192, 63.74630,0,0,      0.000,      0.000, 0.0000000, 0.0000000, 0.0000000, 0.0000000,      0.000,      0.000,      0.000,      0.000,      0.000,      0.000,      0.000,      0.000,      0.000,      0.000,      0.000,      0.000,      0.000,      0.000,      0.000,      0.000,      0.000,      0.000,      0.000,      0.000,      0.000,      0.000,      0.000,      0.000,      0.000,      0.000,      0.000,      0.000,      0.000,      0.000,      0.000,      0.000,      0.000,  32746.777,  32648.184,  32559.660,  32390.629,  32129.467,  31997.910,  31964.621,  32018.561,  32128.844,  32300.838,  32518.133,  32758.281,  33021.688,  33331.715,  33655.148,  34016.141,  34400.434,  34813.094,  35228.762,  35692.840,  36162.797,  36663.094,  37186.555,  37718.574,  38280.160,  38857.828,  39456.793,  40058.309,  40664.391,  41296.055,  0.0000000,  0.0000000,  0.0000000,  0.0000000,  0.0000000,
4,08/05/10,10:34:47,4,e915650608056056982574555406184553523,65,915650,960,896,960,-26922,210, 0.89600003,731.013,  0.000,96,2,736,0,0,17,273,54,1639,0,0,55,00,00,00,0000,0000,0000,0,0,0,0,0,0,0000,0000,0,472700,0,0,0,283150,0,0,0,0,0,0,0,0,0,0,0,0,19,29,9,0,0,9,77,47,61,0,0,61,  7.39627, 41.255, 95.705,40.93,95.68,0.08,0.00,0.00,7.40,75499.52,227535.27,31343.51,0.00,0.00,509670.56,29512.51,220734.22,174164.89,0.00,0.00,106592.66,31932.703125,206201.468750,54115.855469,0.000000,0.000000,112397.937500,  6.03488,1608,2917,2348,2703,2722,1696,1999,2916,1847,2708,2183,1696,0,0,0,0,0,0,  0.00000,  0.00000,  6.22226, 77.24474,0,0,      0.000,      0.000, 0.0000000, 0.0000000, 0.0000000, 0.0000000,      0.000,      0.000,      0.000,      0.000,      0.000,      0.000,      0.000,      0.000,      0.000,      0.000,      0.000,      0.000,      0.000,      0.000,      0.000,      0.000,      0.000,      0.000,      0.000,      0.000,      0.000,      0.000,      0.000,      0.000,      0.000,      0.000,      0.000,      0.000,      0.000,      0.000,      0.000,      0.000,      0.000,  32071.107,  31941.133,  31842.074,  31628.096,  31375.213,  31278.352,  31316.111,  31471.834,  31701.707,  32022.240,  32419.527,  32860.613,  33374.645,  33946.563,  34582.691,  35274.227,  36025.527,  36833.684,  37725.754,  38665.672,  39690.691,  40780.520,  41940.477,  43160.922,  44496.266,  45889.180,  47358.527,  48934.313,  50632.117,  52419.980,  0.0000000,  0.0000000,  0.0000000,  0.0000000,  0.0000000,
5,08/05/10,10:39:50,5,e915650608056056982574555406184553523,65,915650,960,872,960,-26577,197, 0.89600003,731.136,  0.000,101,5,779,0,0,13,285,55,1607,0,0,57,00,00,00,0000,0000,0000,0,0,0,0,0,0,0000,0000,0,478727,0,0,0,284564,0,0,0,0,0,0,0,0,0,0,0,0,19,29,9,0,0,9,79,47,61,0,0,61,  7.39622, 41.262, 95.722,40.92,95.67,0.08,0.00,0.00,7.40,79425.04,230538.20,31458.22,0.00,0.00,512215.63,30463.18,223528.67,173760.33,0.00,0.00,107426.52,33081.953125,209317.484375,53324.574219,0.000000,0.000000,113212.843750,  6.03488,1621,2917,2360,2703,2729,1696,2039,2915,1870,2708,2222,1696,0,0,0,0,0,0,  0.00000,  0.00000,  6.04687, 77.60337,0,0,      0.000,      0.000, 0.0000000, 0.0000000, 0.0000000, 0.0000000,      0.000,      0.000,      0.000,      0.000,      0.000,      0.000,      0.000,      0.000,      0.000,      0.000,      0.000,      0.000,      0.000,      0.000,      0.000,      0.000,      0.000,      0.000,      0.000,      0.000,      0.000,      0.000,      0.000,      0.000,      0.000,      0.000,      0.000,      0.000,      0.000,      0.000,      0.000,      0.000,      0.000,  32375.533,  32250.035,  32133.277,  32011.293,  31717.506,  31565.777,  31562.135,  31657.215,  31871.512,  32154.332,  32523.734,  32938.430,  33412.668,  33963.063,  34566.031,  35220.594,  35943.793,  36732.988,  37588.738,  38479.914,  39448.734,  40491.621,  41602.734,  42778.340,  44052.863,  45386.043,  46804.848,  48337.691,  49949.625,  51688.375,  0.0000000,  0.0000000,  0.0000000,  0.0000000,  0.0000000,
6,08/05/10,10:45:05,6,e915650608056056982574555406184553523,65,915650,960,880,960,-26271,174, 0.89600003,731.136,  0.000,70,1,2,0,0,199,280,54,3374,0,0,51,00,00,00,0000,0000,0000,0,0,0,0,0,0,0000,0000,0,479387,0,0,0,287558,0,0,0,0,0,0,0,0,0,0,0,0,15,29,9,0,0,9,87,51,61,0,0,61,  7.39621, 41.263, 95.724,41.02,95.71,0.08,0.00,0.00,7.40,80003.50,231886.59,31467.87,0.00,0.00,517604.53,30593.72,223835.08,182832.89,0.00,0.00,98738.55,31248.052734,190599.031250,83073.421875,0.000000,0.000000,90781.375000,  6.03488,1621,2917,2367,2704,2737,1696,3018,2917,2482,2707,3004,1696,0,0,0,0,0,0,  0.00000,  0.00000,  1.96612, 88.45502,0,0,      0.000,      0.000, 0.0000000, 0.0000000, 0.0000000, 0.0000000,      0.000,      0.000,      0.000,      0.000,      0.000,      0.000,      0.000,      0.000,      0.000,      0.000,      0.000,      0.000,      0.000,      0.000,      0.000,      0.000,      0.000,      0.000,      0.000,      0.000,      0.000,      0.000,      0.000,      0.000,      0.000,      0.000,      0.000,      0.000,      0.000,      0.000,      0.000,      0.000,      0.000,  32322.143,  32172.764,  32052.953,  31931.223,  31658.971,  31542.824,  31590.869,  31772.498,  32054.510,  32451.227,  32955.371,  33553.156,  34277.836,  35101.434,  36067.125,  37125.949,  38337.543,  39702.719,  41214.957,  42901.418,  44817.094,  46938.219,  49338.367,  52055.430,  55146.000,  58656.664,  62667.563,  67191.039,  72274.687,  77976.727,  0.0000000,  0.0000000,  0.0000000,  0.0000000,  0.0000000,
7,08/05/10,10:50:09,7,e915650608056056982574555406184553523,65,915650,928,992,928,-25992,163, 0.89600003,731.136,  0.000,69,4,14,0,0,198,284,42,3203,0,0,55,00,00,00,0000,0000,0000,0,0,0,0,0,0,0000,0000,0,481091,0,0,0,293909,0,0,0,0,0,0,0,0,0,0,0,0,15,29,9,0,0,9,83,51,61,0,0,61,  7.39621, 41.263, 95.724,41.03,95.76,0.08,0.00,0.00,7.40,78685.53,233110.16,31341.48,0.00,0.00,529036.19,29552.02,224630.77,181824.14,0.00,0.00,101166.45,30083.158203,191123.437500,76196.953125,0.000000,0.000000,93067.171875,  6.03488,1604,2917,2342,2704,2704,1696,2954,2893,2501,2704,2924,1696,0,0,0,0,0,0,  0.00000,  0.00000,  2.00270, 87.61160,0,0,      0.000,      0.000, 0.0000000, 0.0000000, 0.0000000, 0.0000000,      0.000,      0.000,      0.000,      0.000,      0.000,      0.000,      0.000,      0.000,      0.000,      0.000,      0.000,      0.000,      0.000,      0.000,      0.000,      0.000,      0.000,      0.000,      0.000,      0.000,      0.000,      0.000,      0.000,      0.000,      0.000,      0.000,      0.000,      0.000,      0.000,      0.000,      0.000,      0.000,      0.000,  32075.375,  31943.512,  31833.883,  31715.641,  31471.828,  31299.566,  31301.857,  31426.680,  31663.621,  32008.572,  32454.680,  32991.973,  33619.555,  34367.566,  35218.008,  36196.387,  37269.508,  38497.410,  39848.363,  41368.785,  43048.441,  44945.703,  47037.727,  49407.273,  52078.133,  55093.176,  58496.473,  62381.668,  66770.961,  71730.914,  0.0000000,  0.0000000,  0.0000000,  0.0000000,  0.0000000,
8,08/05/10,10:54:57,8,e915650608056056982574555406184553523,65,915650,928,992,944,-25760,147, 0.89600003,731.013,  0.000,130,3,2,0,0,165,284,44,2495,0,0,45,00,00,00,0000,0000,0000,0,0,0,0,0,0,0000,0000,0,475872,0,0,0,288763,0,0,0,0,0,0,0,0,0,0,0,0,23,31,9,0,0,9,73,39,61,0,0,61,  7.39626, 41.256, 95.707,40.81,95.74,0.08,0.00,0.00,7.40,75910.63,218067.66,31636.17,0.00,0.00,519774.78,30422.40,222213.20,183613.89,0.00,0.00,168833.39,36308.066406,251837.343750,152888.750000,0.000000,0.000000,201990.078125,  6.03488,1587,2914,2327,2702,2709,1695,852,2916,1296,2704,1528,1696,0,0,0,0,0,0,  0.00000,  0.00000,  0.00000,  0.00000,1907,1906,      0.000,      0.000, 0.0000000, 0.0000000, 0.0000000, 0.0000000,      0.000,      0.000,      0.000,      0.000,      0.000,      0.000,      0.000,      0.000,      0.000,      0.000,      0.000,      0.000,      0.000,      0.000,      0.000,      0.000,      0.000,      0.000,      0.000,      0.000,      0.000,      0.000,      0.000,      0.000,      0.000,      0.000,      0.000,      0.000,      0.000,      0.000,      0.000,      0.000,      0.000,  32992.707,  32752.871,  32540.074,  32364.809,  32218.936,  32107.785,  32003.881,  31820.281,  31768.834,  31926.396,  32336.635,  33079.305,  34214.109,  35839.672,  38065.840,  40982.379,  44717.344,  49310.625,  54826.816,  61198.793,  68373.891,  76248.102,  84705.727,  93513.547, 102564.187, 111722.297, 120681.312, 129333.836, 137439.578, 144894.406,  0.0000000,  0.0000000,  0.0000000,  0.0000000,  0.0000000,
9,08/05/10,10:59:33,9,e915650608056056982574555406184553523,65,915650,944,864,960,-25468,154, 0.89600003,731.136,  0.000,109,1,4,0,0,159,281,42,2656,0,0,46,00,00,00,0000,0000,0000,0,0,0,0,0,0,0000,0000,0,474155,0,0,0,290415,0,0,0,0,0,0,0,0,0,0,0,0,23,29,9,0,0,9,79,37,61,0,0,61,  7.39621, 41.263, 95.724,40.89,95.71,0.08,0.00,0.00,7.40,75929.50,216512.64,31040.25,0.00,0.00,522747.69,29895.27,221392.19,181013.31,0.00,0.00,168974.14,35391.500000,251790.734375,144804.515625,0.000000,0.000000,202220.546875,  6.03488,1596,2914,2309,2703,2705,1695,842,2917,1287,2704,1526,1695,0,0,0,0,0,0,  0.00000,  0.00000,  0.00000,  0.00000,1983,1990,      0.000,      0.000, 0.0000000, 0.0000000, 0.0000000, 0.0000000,      0.000,      0.000,      0.000,      0.000,      0.000,      0.000,      0.000,      0.000,      0.000,      0.000,      0.000,      0.000,      0.000,      0.000,      0.000,      0.000,      0.000,      0.000,      0.000,      0.000,      0.000,      0.000,      0.000,      0.000,      0.000,      0.000,      0.000,      0.000,      0.000,      0.000,      0.000,      0.000,      0.000,  32461.648,  32221.623,  32006.275,  31829.047,  31701.000,  31586.082,  31496.070,  31349.529,  31213.732,  31267.623,  31554.246,  32112.646,  33022.230,  34361.559,  36227.527,  38714.902,  41961.781,  46021.594,  50955.512,  56744.785,  63337.980,  70631.367,  78550.250,  86878.078,  95434.133, 104149.766, 112831.086, 121260.773, 129326.781, 136857.703,  0.0000000,  0.0000000,  0.0000000,  0.0000000,  0.0000000,
10,08/05/10,11:05:07,10,e915650608056056982574555406184553523,65,915650,960,880,976,-25055,218, 0.89600003,731.136,  0.000,17,3,5,0,0,466,285,46,3944,0,0,82,00,00,00,0000,0000,0000,0,0,0,0,0,0,0000,0000,0,484249,0,0,0,293788,0,0,0,0,0,0,0,0,0,0,0,0,17,31,9,0,0,9,97,57,61,0,0,61,  7.39621, 41.263, 95.724,41.20,95.69,0.09,0.00,0.00,7.40,79165.56,223272.00,31174.14,0.00,0.00,528818.38,29655.96,226105.30,180929.89,0.00,0.00,88427.91,28827.064453,131738.406250,112964.140625,0.000000,0.000000,70537.023438,  6.03488,1589,2912,2297,2702,2693,1695,840,2915,1283,2704,1525,1695,0,0,0,0,0,0,  0.00000,  0.00000,  0.00000,  0.00000,1932,1931,      0.000,      0.000, 0.0000000, 0.0000000, 0.0000000, 0.0000000,      0.000,      0.000,      0.000,      0.000,      0.000,      0.000,      0.000,      0.000,      0.000,      0.000,      0.000,      0.000,      0.000,      0.000,      0.000,      0.000,      0.000,      0.000,      0.000,      0.000,      0.000,      0.000,      0.000,      0.000,      0.000,      0.000,      0.000,      0.000,      0.000,      0.000,      0.000,      0.000,      0.000,  32530.836,  32296.611,  32089.662,  31917.670,  31781.646,  31671.943,  31583.529,  31374.488,  31131.027,  31092.129,  31240.705,  31545.445,  32003.832,  32665.582,  33518.152,  34610.445,  35961.309,  37623.473,  39653.969,  42097.480,  45073.965,  48687.734,  53039.145,  58244.832,  64366.102,  71315.984,  79044.367,  87316.562,  95895.969, 104682.633,  0.0000000,  0.0000000,  0.0000000,  0.0000000,  0.0000000,
11,08/05/10,11:13:31,11,e915650608056056982574555406184553523,65,915650,912,976,928,-24576,347, 0.89600003,731.136,  0.000,15,6,1,0,0,452,281,31,4128,0,0,77,00,00,00,0000,0000,0000,0,0,0,0,0,0,0000,0000,0,482241,0,0,0,293497,0,0,0,0,0,0,0,0,0,0,0,0,17,31,9,0,0,9,97,59,61,0,0,61,  7.39621, 41.263, 95.724,41.21,95.66,0.08,0.00,0.00,7.40,78428.15,221024.55,31215.18,0.00,0.00,528295.81,28875.92,225167.52,181971.77,0.00,0.00,87298.20,27939.107422,130699.718750,107016.335938,0.000000,0.000000,70046.367188,  6.03488,1600,2909,2339,2702,2704,1695,858,2914,1314,2704,1542,1695,0,0,0,0,0,0,  0.00000,  0.00000,  0.00000,  0.00000,1920,1923,      0.000,      0.000, 0.0000000, 0.0000000, 0.0000000, 0.0000000,      0.000,      0.000,      0.000,      0.000,      0.000,      0.000,      0.000,      0.000,      0.000,      0.000,      0.000,      0.000,      0.000,      0.000,      0.000,      0.000,      0.000,      0.000,      0.000,      0.000,      0.000,      0.000,      0.000,      0.000,      0.000,      0.000,      0.000,      0.000,      0.000,      0.000,      0.000,      0.000,      0.000,  32459.230,  32211.273,  32006.986,  31850.625,  31720.445,  31614.197,  31523.018,  31368.416,  31097.551,  31013.387,  31117.836,  31372.338,  31771.311,  32329.879,  33090.043,  34067.793,  35256.090,  36746.828,  38527.910,  40700.777,  43329.480,  46473.305,  50279.348,  54856.652,  60302.172,  66637.500,  73845.086,  81794.086,  90206.109,  98963.312,  0.0000000,  0.0000000,  0.0000000,  0.0000000,  0.0000000,
12,08/05/10,14:32:11,12,e915650608056056982574555406184553523,65,915650,912,976,928,-12655,11808, 0.89600003,730.525,  0.000,113,10,851,0,0,38,275,53,1810,0,0,58,00,00,00,0000,0000,0000,0,0,0,0,0,0,0000,0000,0,475613,0,0,0,284266,0,0,0,0,0,0,0,0,0,0,0,0,21,27,9,0,0,9,77,43,61,0,0,61,  7.39646, 41.226, 95.639,40.84,95.54,0.09,0.00,0.00,7.40,74863.10,213540.83,31222.74,0.00,0.00,511679.03,29390.55,222169.95,173451.81,0.00,0.00,116556.68,34656.707031,278333.031250,51884.437500,0.000000,0.000000,145853.593750,  6.03488,1600,2910,2350,2707,2698,1694,707,2909,1007,2707,943,1694,0,0,0,0,0,0,  0.00000,  0.00000, 13.53361, 69.42446,68,65,      0.000,      0.000, 0.0000000, 0.0000000, 0.0000000, 0.0000000,      0.000,      0.000,      0.000,      0.000,      0.000,      0.000,      0.000,      0.000,      0.000,      0.000,      0.000,      0.000,      0.000,      0.000,      0.000,      0.000,      0.000,      0.000,      0.000,      0.000,      0.000,      0.000,      0.000,      0.000,      0.000,      0.000,      0.000,      0.000,      0.000,      0.000,      0.000,      0.000,      0.000,  32177.877,  32005.812,  31847.283,  31732.477,  31633.697,  31564.779,  31492.111,  31385.053,  31170.240,  31128.029,  31216.674,  31409.531,  31687.512,  32065.566,  32530.359,  33061.320,  33690.152,  34398.203,  35199.523,  36068.754,  37037.695,  38095.152,  39235.840,  40478.176,  41786.109,  43239.191,  44786.637,  46424.527,  48193.824,  50105.477,  0.0000000,  0.0000000,  0.0000000,  0.0000000,  0.0000000,
13,08/05/10,14:37:33,13,e915650608056056982574555406184553523,65,915650,896,992,944,-12319,207, 0.89600003,730.525,  0.000,137,2,1006,0,0,82,277,53,1707,0,0,59,00,00,00,0000,0000,0000,0,0,0,0,0,0,0000,0000,0,479916,0,0,0,292765,0,0,0,0,0,0,0,0,0,0,0,0,23,31,9,0,0,9,75,43,61,0,0,61,  7.39646, 41.226, 95.639,40.76,95.66,0.09,0.00,0.00,7.40,75728.91,219908.23,31828.55,0.00,0.00,526978.31,29088.92,224180.00,173259.66,0.00,0.00,118734.80,34520.363281,281766.062500,50747.695312,0.000000,0.000000,148724.125000,  6.03488,1604,2913,2344,2704,2731,1696,709,2913,1008,2706,955,1694,0,0,0,0,0,0,  0.00000,  0.00000, 13.48983, 69.29807,79,70,      0.000,      0.000, 0.0000000, 0.0000000, 0.0000000, 0.0000000,      0.000,      0.000,      0.000,      0.000,      0.000,      0.000,      0.000,      0.000,      0.000,      0.000,      0.000,      0.000,      0.000,      0.000,      0.000,      0.000,      0.000,      0.000,      0.000,      0.000,      0.000,      0.000,      0.000,      0.000,      0.000,      0.000,      0.000,      0.000,      0.000,      0.000,      0.000,      0.000,      0.000,  32993.508,  32808.691,  32654.898,  32536.203,  32427.164,  32355.805,  32293.082,  32224.637,  32015.861,  31902.533,  31936.072,  32082.832,  32311.176,  32637.133,  33026.492,  33502.809,  34056.441,  34684.910,  35414.719,  36198.824,  37076.352,  38039.852,  39085.723,  40222.848,  41444.859,  42767.809,  44186.234,  45712.695,  47348.758,  49109.059,  0.0000000,  0.0000000,  0.0000000,  0.0000000,  0.0000000,
14,08/05/10,14:51:00,14,e915650608056056982574555406184553523,65,915650,976,848,976,-11416,720, 0.89600003,730.525,  0.000,74,0,158,0,0,78,276,54,1948,0,0,135,00,00,00,0000,0000,0000,0,0,0,0,0,0,0000,0000,0,475453,0,0,0,295328,0,0,0,0,0,0,0,0,0,0,0,0,19,31,9,0,0,9,83,49,61,0,0,63,  7.39646, 41.226, 95.639,40.97,95.64,0.08,0.00,0.00,7.40,73637.35,225253.97,31615.44,0.00,0.00,531590.75,28526.43,222095.38,180777.77,0.00,0.00,121732.66,30839.632813,214666.421875,54861.601562,0.000000,0.000000,127591.484375,  6.03488,1576,2907,2308,2705,2695,1694,2136,2908,1035,2706,852,1694,0,0,0,0,0,0,  0.00000,  0.00000, 13.57708, 99.21513,78,70,      0.000,      0.000, 0.0000000, 0.0000000, 0.0000000, 0.0000000,      0.000,      0.000,      0.000,      0.000,      0.000,      0.000,      0.000,      0.000,      0.000,      0.000,      0.000,      0.000,      0.000,      0.000,      0.000,      0.000,      0.000,      0.000,      0.000,      0.000,      0.000,      0.000,      0.000,      0.000,      0.000,      0.000,      0.000,      0.000,      0.000,      0.000,      0.000,      0.000,      0.000,  33031.121,  32864.418,  32695.781,  32565.836,  32467.008,  32383.705,  32314.039,  32207.924,  31971.439,  31908.105,  31994.561,  32191.691,  32482.816,  32866.887,  33354.875,  33926.227,  34604.742,  35357.137,  36219.652,  37171.051,  38234.703,  39378.855,  40644.016,  42007.031,  43489.637,  45095.488,  46810.102,  48664.309,  50670.223,  52852.668,  0.0000000,  0.0000000,  0.0000000,  0.0000000,  0.0000000,
15,08/05/10,14:58:08,15,e915650608056056982574555406184553523,65,915650,928,992,928,-10941,309, 0.89600003,730.281,  0.000,94,2,84,0,0,74,282,46,1892,0,0,138,00,00,00,0000,0000,0000,0,0,0,0,0,0,0000,0000,0,480741,0,0,0,280869,0,0,0,0,0,0,0,0,0,0,0,0,19,31,9,0,0,9,91,51,61,0,0,61,  7.39656, 41.212, 95.605,40.89,95.63,0.09,0.00,0.00,7.40,81871.91,220478.59,31948.52,0.00,0.00,505564.47,31185.77,224605.02,182105.52,0.00,0.00,116309.42,33901.296875,217553.484375,53781.167969,0.000000,0.000000,122081.117188,  6.03488,1593,2910,2325,2704,2698,1695,2106,2909,1037,2706,837,1693,0,0,0,0,0,0,  0.00000,  0.00000, 13.60295, 98.86819,81,76,      0.000,      0.000, 0.0000000, 0.0000000, 0.0000000, 0.0000000,      0.000,      0.000,      0.000,      0.000,      0.000,      0.000,      0.000,      0.000,      0.000,      0.000,      0.000,      0.000,      0.000,      0.000,      0.000,      0.000,      0.000,      0.000,      0.000,      0.000,      0.000,      0.000,      0.000,      0.000,      0.000,      0.000,      0.000,      0.000,      0.000,      0.000,      0.000,      0.000,      0.000,  33504.445,  33307.016,  33140.738,  33016.191,  32912.957,  32843.344,  32777.617,  32708.797,  32489.730,  32367.984,  32410.480,  32552.684,  32794.789,  33127.156,  33541.027,  34067.543,  34679.055,  35368.402,  36153.078,  37046.461,  38033.867,  39105.129,  40284.605,  41575.789,  42985.816,  44493.461,  46122.297,  47883.559,  49798.828,  51864.371,  0.0000000,  0.0000000,  0.0000000,  0.0000000,  0.0000000,
16,08/05/10,15:21:34,16,e915650608056056982574555406184553523,65,915650,944,880,976,-9614,1227, 0.89600003,730.159,  0.000,21,13,1244,0,0,265,282,51,1307,0,0,141,00,00,00,0000,0000,0000,0,0,0,0,0,0,0000,0000,0,475531,0,0,0,295685,0,0,0,0,0,0,0,0,0,0,0,0,13,31,9,0,0,9,91,71,61,0,0,85,  7.39661, 41.204, 95.588,41.13,95.46,0.08,0.00,0.00,7.40,74798.73,221200.66,31576.62,0.00,0.00,532233.25,28661.65,222190.30,131233.67,0.00,0.00,121330.27,28424.378906,135854.015625,46246.136719,0.000000,0.000000,101582.578125,  6.03488,1600,2909,2329,2705,2724,1695,2415,2911,1055,2706,846,1694,0,0,0,0,0,0,  0.00000,  0.00000, 13.44497,102.29926,80,72,      0.000,      0.000, 0.0000000, 0.0000000, 0.0000000, 0.0000000,      0.000,      0.000,      0.000,      0.000,      0.000,      0.000,      0.000,      0.000,      0.000,      0.000,      0.000,      0.000,      0.000,      0.000,      0.000,      0.000,      0.000,      0.000,      0.000,      0.000,      0.000,      0.000,      0.000,      0.000,      0.000,      0.000,      0.000,      0.000,      0.000,      0.000,      0.000,      0.000,      0.000,  32616.973,  32469.543,  32330.031,  32227.750,  32134.305,  32063.252,  32015.732,  31850.312,  31539.104,  31356.352,  31344.607,  31439.230,  31640.010,  31925.934,  32295.951,  32738.035,  33234.480,  33792.625,  34428.164,  35110.047,  35867.695,  36672.629,  37555.703,  38464.109,  39450.602,  40479.840,  41549.340,  42682.070,  43851.648,  45077.414,  0.0000000,  0.0000000,  0.0000000,  0.0000000,  0.0000000,
17,08/05/10,15:27:41,17,e915650608056056982574555406184553523,65,915650,992,880,960,-9292,206, 0.89600003,730.159,  0.000,36,6,1301,0,0,233,282,55,1364,0,0,136,00,00,00,0000,0000,0000,0,0,0,0,0,0,0000,0000,0,474175,0,0,0,285930,0,0,0,0,0,0,0,0,0,0,0,0,13,31,9,0,0,9,91,71,61,0,0,87,  7.39661, 41.204, 95.588,41.08,95.53,0.09,0.00,0.00,7.40,73571.49,220345.83,32005.15,0.00,0.00,514675.66,28091.02,221556.42,148347.05,0.00,0.00,118024.30,27811.861328,134909.593750,47028.578125,0.000000,0.000000,98392.937500,  6.03488,1610,2912,2349,2706,2722,1695,2423,2913,1062,2707,829,1695,0,0,0,0,0,0,  0.00000,  0.00000, 13.44469,102.36977,86,75,      0.000,      0.000, 0.0000000, 0.0000000, 0.0000000, 0.0000000,      0.000,      0.000,      0.000,      0.000,      0.000,      0.000,      0.000,      0.000,      0.000,      0.000,      0.000,      0.000,      0.000,      0.000,      0.000,      0.000,      0.000,      0.000,      0.000,      0.000,      0.000,      0.000,      0.000,      0.000,      0.000,      0.000,      0.000,      0.000,      0.000,      0.000,      0.000,      0.000,      0.000,  32937.844,  32788.867,  32634.824,  32519.324,  32422.602,  32344.402,  32288.768,  32138.980,  31839.016,  31654.877,  31613.424,  31706.621,  31894.949,  32187.314,  32558.492,  32981.082,  33482.551,  34046.156,  34688.676,  35390.180,  36159.945,  36987.141,  37881.402,  38838.852,  39867.477,  40936.875,  42068.012,  43246.285,  44505.246,  45784.449,  0.0000000,  0.0000000,  0.0000000,  0.0000000,  0.0000000,
18,08/05/10,15:32:54,18,e915650608056056982574555406184553523,65,915650,912,976,928,-8882,233, 0.89600003,730.159,  0.000,133,1,484,0,0,64,275,38,1681,0,0,60,00,00,00,0000,0000,0000,0,0,0,0,0,0,0000,0000,0,482803,0,0,0,285227,0,0,0,0,0,0,0,0,0,0,0,0,23,31,9,0,0,9,83,47,61,0,0,61,  7.39661, 41.204, 95.588,40.75,95.57,0.08,0.00,0.00,7.40,79410.78,221048.97,31745.42,0.00,0.00,513409.69,29682.82,225588.02,177907.20,0.00,0.00,115396.09,34708.300781,275875.687500,51183.382812,0.000000,0.000000,141451.312500,  6.03488,1600,2913,2319,2706,2711,1695,864,2911,997,2706,925,1694,0,0,0,0,0,0,  0.00000,  0.00000, 13.65660, 75.20644,70,67,      0.000,      0.000, 0.0000000, 0.0000000, 0.0000000, 0.0000000,      0.000,      0.000,      0.000,      0.000,      0.000,      0.000,      0.000,      0.000,      0.000,      0.000,      0.000,      0.000,      0.000,      0.000,      0.000,      0.000,      0.000,      0.000,      0.000,      0.000,      0.000,      0.000,      0.000,      0.000,      0.000,      0.000,      0.000,      0.000,      0.000,      0.000,      0.000,      0.000,      0.000,  33472.125,  33256.621,  33073.945,  32920.152,  32808.762,  32706.738,  32605.129,  32509.992,  32418.430,  32385.336,  32422.562,  32551.863,  32781.137,  33076.281,  33461.617,  33946.086,  34495.781,  35134.738,  35854.316,  36655.168,  37543.629,  38499.191,  39552.609,  40700.875,  41926.996,  43240.953,  44665.543,  46174.230,  47807.574,  49548.375,  0.0000000,  0.0000000,  0.0000000,  0.0000000,  0.0000000,
19,08/05/10,15:38:59,19,e915650608056056982574555406184553523,65,915650,976,864,992,-8564,223, 0.89600003,730.037,  0.000,121,12,790,0,0,51,273,42,1794,0,0,85,00,00,00,0000,0000,0000,0,0,0,0,0,0,0000,0000,0,477655,0,0,0,277142,0,0,0,0,0,0,0,0,0,0,0,0,23,31,9,0,0,9,75,49,61,0,0,61,  7.39666, 41.197, 95.570,40.78,95.45,0.10,0.00,0.00,7.40,73464.88,219397.30,31915.78,0.00,0.00,498856.06,29382.72,223202.31,177420.42,0.00,0.00,114279.64,33880.234375,262224.375000,53065.464844,0.000000,0.000000,136505.000000,  6.03488,1604,2914,2322,2707,2712,1695,1151,2911,1023,2707,933,1694,0,0,0,0,0,0,  0.00000,  0.00000, 13.44270, 82.24651,71,67,      0.000,      0.000, 0.0000000, 0.0000000, 0.0000000, 0.0000000,      0.000,      0.000,      0.000,      0.000,      0.000,      0.000,      0.000,      0.000,      0.000,      0.000,      0.000,      0.000,      0.000,      0.000,      0.000,      0.000,      0.000,      0.000,      0.000,      0.000,      0.000,      0.000,      0.000,      0.000,      0.000,      0.000,      0.000,      0.000,      0.000,      0.000,      0.000,      0.000,      0.000,  33629.645,  33403.766,  33209.977,  33041.234,  32923.824,  32816.824,  32744.562,  32671.289,  32447.508,  32341.441,  32389.047,  32561.926,  32818.895,  33165.410,  33598.609,  34122.184,  34736.891,  35439.461,  36216.430,  37093.023,  38059.496,  39116.496,  40266.137,  41515.125,  42848.906,  44317.980,  45867.477,  47539.379,  49329.199,  51255.172,  0.0000000,  0.0000000,  0.0000000,  0.0000000,  0.0000000,
Lowtask enabled
dbg > db /pat /d
Lowtask disabled

Patient Data
--------------
Total Samples: 13
1,08/05/10,10:17:29,1,,0,N/A0, 37.0,ADULT,0,0,0,  0.00000,  0.00000,  0.00000,  0.00000,15.0,33.3,,,26.7,    0,    0,    0,0.0,  0.0,    0,    0,    0,0.00,0.0,,0,,1,7.412,39.8,267.0,-----,NORESULT,-----,NORESULT,-----,-----,-1.17,-----,-----,1,1,1,0,0,0,0,0,0,0,0,0, 99.9,0,            ,OFF,LR
2,08/05/10,10:57:26,8,,0,N/A0, 37.0,ADULT,0,0,0,  0.00000,  0.00000,  0.00000,  0.00000,15.0,33.3,,,26.7,    0,    0,    0,0.0,  0.0,    0,    0,    0,0.00,0.0,,0,,8,6.815,83.1,64.4,-----,NORESULT,-----,NORESULT,-----,-----,14.03,-----,-----,1,1,1,0,0,0,0,0,0,1,0,0, 60.2,0,            ,OFF,LR
3,08/05/10,11:02:07,9,,0,N/A0, 37.0,ADULT,0,0,0,  0.00000,  0.00000,  0.00000,  0.00000,15.0,33.3,,,26.7,    0,    0,    0,0.0,  0.0,    0,    0,    0,0.00,0.0,,0,,9,6.822,78.8,63.8,-----,NORESULT,-----,NORESULT,-----,-----,16.91,-----,-----,1,1,1,0,0,0,0,0,0,1,0,0, 60.1,0,            ,OFF,LR
4,08/05/10,11:08:11,10,,0,N/A0, 37.0,ADULT,0,0,0,  0.00000,  0.00000,  0.00000,  0.00000,15.0,33.3,,,26.7,    0,    0,    0,0.0,  0.0,    0,    0,    0,0.00,0.0,,0,,10,7.901,9.0,445.2,-----,NORESULT,-----,NORESULT,-----,-----,8.77,-----,-----,3,2,1,0,0,0,0,0,0,1,0,0,NORESULT,0,            ,OFF,LR
5,08/05/10,11:16:24,11,,0,N/A0, 37.0,ADULT,0,0,0,  0.00000,  0.00000,  0.00000,  0.00000,15.0,33.3,,,26.7,    0,    0,    0,0.0,  0.0,    0,    0,    0,0.00,0.0,,0,,11,7.907,8.1,448.9,-----,NORESULT,-----,NORESULT,-----,-----,8.47,-----,-----,3,2,1,0,0,0,0,0,0,1,0,0,NORESULT,0,            ,OFF,LR
6,08/05/10,14:35:17,12,,0,N/A0, 37.0,ADULT,0,0,0,  0.00000,  0.00000,  0.00000,  0.00000,15.0,33.3,,,26.7,    0,    0,    0,0.0,  0.0,    0,    0,    0,0.00,0.0,,0,,12,7.193,76.7,47.9,-----,NORESULT,-----,NORESULT,-----,-----,4.88,14.0,69.4,1,1,1,0,0,0,0,0,0,1,1,1, 71.4,0,            ,OFF,LR
7,08/05/10,14:40:44,13,,0,N/A0, 37.0,ADULT,0,0,0,  0.00000,  0.00000,  0.00000,  0.00000,15.0,33.3,,,26.7,    0,    0,    0,0.0,  0.0,    0,    0,    0,0.00,0.0,,0,,13,7.203,80.0,47.4,-----,NORESULT,-----,NORESULT,-----,-----,4.48,13.9,69.3,1,1,1,0,0,0,0,0,0,1,1,1, 71.0,0,            ,OFF,LR
8,08/05/10,14:54:55,14,,0,N/A0, 37.0,ADULT,0,0,0,  0.00000,  0.00000,  0.00000,  0.00000,15.0,33.3,,,26.7,    0,    0,    0,0.0,  0.0,    0,    0,    0,0.00,0.0,,0,,14,7.360,38.9,97.3,-----,NORESULT,-----,NORESULT,-----,-----,5.60,13.3,99.2,1,1,1,0,0,0,0,0,0,1,1,1, 97.4,0,            ,OFF,LR
9,08/05/10,15:02:23,15,,0,N/A0, 37.0,ADULT,0,0,0,  0.00000,  0.00000,  0.00000,  0.00000,15.0,33.3,,,26.7,    0,    0,    0,0.0,  0.0,    0,    0,    0,0.00,0.0,,0,,15,7.354,40.9,96.4,-----,NORESULT,-----,NORESULT,-----,-----,5.49,13.4,98.9,1,1,1,0,0,0,0,0,0,1,1,1, 97.3,0,            ,OFF,LR
10,08/05/10,15:25:09,16,,0,N/A0, 37.0,ADULT,0,0,0,  0.00000,  0.00000,  0.00000,  0.00000,15.0,33.3,,,26.7,    0,    0,    0,0.0,  0.0,    0,    0,    0,0.00,0.0,,0,,16,7.568,13.4,399.0,-----,NORESULT,-----,NORESULT,-----,-----,5.18,13.1,100.0,1,1,1,0,0,0,0,0,0,1,1,1, 99.9,0,            ,OFF,LR
11,08/05/10,15:30:53,17,,0,N/A0, 37.0,ADULT,0,0,0,  0.00000,  0.00000,  0.00000,  0.00000,15.0,33.3,,,26.7,    0,    0,    0,0.0,  0.0,    0,    0,    0,0.00,0.0,,0,,17,7.566,13.0,402.8,-----,NORESULT,-----,NORESULT,-----,-----,5.28,13.1,100.0,1,1,1,0,0,0,0,0,0,1,1,1, 99.9,0,            ,OFF,LR
12,08/05/10,15:36:58,18,,0,N/A0, 37.0,ADULT,0,0,0,  0.00000,  0.00000,  0.00000,  0.00000,15.0,33.3,,,26.7,    0,    0,    0,0.0,  0.0,    0,    0,    0,0.00,0.0,,0,,18,7.227,72.4,51.6,-----,NORESULT,-----,NORESULT,-----,-----,4.66,14.0,75.2,1,1,1,0,0,0,0,0,0,1,1,1, 77.0,0,            ,OFF,LR
13,08/05/10,15:42:44,19,,0,N/A0, 37.0,ADULT,0,0,0,  0.00000,  0.00000,  0.00000,  0.00000,15.0,33.3,,,26.7,    0,    0,    0,0.0,  0.0,    0,    0,    0,0.00,0.0,,0,,19,7.234,65.6,58.1,-----,NORESULT,-----,NORESULT,-----,-----,4.94,13.6,82.2,1,1,1,0,0,0,0,0,0,1,1,1, 82.2,0,            ,OFF,LR
Lowtask enabled
dbg > db /qc1 /d
Lowtask disabled

QC Level 1 Data
--------------
Total Samples: 2
1,08/05/10,10:27:13,2,,2,30,7.169,66.6,72.9,-----,-----,-----,-----,-----,-----,0.47,21.0,82.3,FAIL,0
2,08/05/10,10:32:03,3,,3,30,7.165,67.2,76.2,-----,-----,-----,-----,-----,-----,0.37,21.0,82.3,FAIL,0
Lowtask enabled
dbg > db /qc2 /d
Lowtask disabled

QC Level 2 Data
--------------
Total Samples: 2
1,08/05/10,10:37:36,4,,4,30,7.438,39.2,111.6,-----,-----,-----,-----,-----,-----,2.10,14.4,89.9,PASS,0
2,08/05/10,10:42:59,5,,5,30,7.436,40.6,110.6,-----,-----,-----,-----,-----,-----,1.95,14.4,90.1,FAIL,0
Lowtask enabled
dbg > db /qc3 /d
Lowtask disabled

QC Level 3 Data
--------------
Total Samples: 2
1,08/05/10,10:48:06,6,,6,30,7.644,21.0,155.4,-----,-----,-----,-----,-----,-----,3.89,9.1,97.1,PASS,0
2,08/05/10,10:52:59,7,,7,30,7.641,20.1,155.8,-----,-----,-----,-----,-----,-----,3.46,9.1,96.7,FAIL,0
Lowtask enabled
dbg > db /src1 /d
Lowtask disabled

SRC 1 Data
--------------
Total Samples: 0
Lowtask enabled
dbg > db /src2 /d
Lowtask disabled

SRC 2 Data
--------------
Total Samples: 0
Lowtask enabled
dbg > db /src3 /d
Lowtask disabled

SRC 3 Data
--------------
Total Samples: 0
Lowtask enabled
dbg > ver
OPTI Medical OPTI CCA-TS - 3.00.0023 - May 12 2009 10:48:06
Optics ROM version: OPTIC2H 7/11/97
dbg > set /d
seqnum= 19
idac1= 1008
idac2= 976
idac3= 1064
aspbubblerear_to=   8.00
aspend_to=   1.40
aspfrbubble_to=   2.00
aspfrfluid_to=  15.00
aspfluidion_to=   2.50
aspfrontrear_to=  15.00
aspwait_to= 600.00
blowbuf2_to=   5.60
blowbuf4_to=  12.00
cal2_to =  90.00
flow1_to=   2.30
flow2_to=   2.20
flow3_to=   3.80
flow4_to=   4.00
flowinit_to=  20.00
flowwt_to=   0.00
ionwait_to=  10.00
pump_to =   2.00
sample_to= 240.00
srcmeasure_to=  30.00
srcwarmup_to=  30.00
timedasp_to=   4.30
timedasp2_to=   5.00
timedasp3_to=   5.00
warmcal_to=  35.00
presamp_to=   0.50
suckasp1_to=   1.80
clr1blow_to=   3.50
clr1suck_to=   2.00
clr2blow_to=   3.00
Normal blood factors:
    pH :   3.869000  -0.045000   0.070000
   3.018000   0.070000   0.070000
   0.000000   1.000000   0.000000

    PCO2 :  -0.220000   1.000000   0.000000
  16.235800  -0.304500   0.024330
   5.135310   0.917290   0.000900

    PO2 :   1.400000   0.990000   0.000200
 -21.000000   0.960000   0.003000
-355.000000   3.910000  -0.003500

    Na+  :  -0.029800   1.261000  -0.800000
   0.000000   0.000000   0.000000
   0.000000   0.000000   0.000000

    K+   :  -0.000350   0.986500   0.000000
   0.000000   0.000000   0.000000
   0.000000   0.000000   0.000000

    Cl-  :  -0.001400   0.925000   1.500000
   0.000000   0.000000   0.000000
   0.000000   0.000000   0.000000

    Ca++ :   0.000315   0.705000   0.002400
   0.000000   0.000000   0.000000
   0.000000   0.000000   0.000000

    Glu  :   0.000000   1.000000   0.000000
   0.000000   0.000000   0.000000
   0.000000   0.000000   0.000000

    BUN  :   0.000022   1.028000   0.000000
   0.007000  -0.005000   1.490000
   0.000000   0.014700   0.000000

    Lac :   0.000000   0.000000   0.000000
   0.000000   0.000000   0.000000
   0.000000   0.000000   0.000000

Dry-cassette blood factors:
    pH :   0.000000   1.000000   0.000000
   0.000000   1.000000   0.000000
   0.000000   0.000000   0.000000

    PCO2 :   0.000000   1.000000   0.000000
   0.000000   1.000000   0.000000
   0.000000   1.000000   0.000000

    PO2 : -12.300000   1.048200   0.000000
 -67.099998   1.246900   0.003500
-172.399994   2.489000   0.000000

    Na+  :   0.000000   0.000000   0.000000
   0.000000   0.000000   0.000000
   0.000000   0.000000   0.000000

    K+   :   0.000000   0.000000   0.000000
   0.000000   0.000000   0.000000
   0.000000   0.000000   0.000000

    Cl-  :   0.000000   0.000000   0.000000
   0.000000   0.000000   0.000000
   0.000000   0.000000   0.000000

    Ca++ :   0.000000   0.000000   0.000000
   0.000000   0.000000   0.000000
   0.000000   0.000000   0.000000

    Glu  :   0.000000   0.000000   0.000000
   0.000000   0.000000   0.000000
   0.000000   0.000000   0.000000

    BUN  :   0.000000   0.000000   0.000000
   0.000000   0.000000   0.000000
   0.000000   0.000000   0.000000

    Lac :   0.000000   1.000000   0.000000
  14.000000  11.100000  -1.200000
   0.000000   0.000000   0.000000

breakptp1=   7.400000
breakpto1=  95.000000
breakpto2= 215.000000
breakpt_1_lac_oxy= 100.000000
breakpt_2_lac_oxy= 215.000000
breakptc1=  20.299999
breakptc2=  40.400002
bufa=  -4.261890
bufb=   3.147540
bufc=  -0.318063
baro_factor=   0.000
pp_rate0=    0pp_rate1=  600
pp_rate2=  300pp_rate3=  600
pp_rate4=  600pp_rate5=  400
pp_rate6=  100pp_rate7=   75
pp_rate8=   50pp_rate9=  100
pp_rate10=  600pp_rate11=   50
pp_rate12=  300pp_rate13=    4
pp_rate14=  150pp_rate15=  600
pp_rate16=   75pp_rate17=  750
pp_rate18=   40pp_rate19=   80
pp_rate20=  100pp_rate21=   60
pp_rate22=  400pp_rate23=  200
pp_rate24=  100pp_rate25=  100
pp_rate26=  200pp_rate27=  300
pp_rate28=  100pp_rate29=  200
pp_rate30=  200pp_rate31=  400
pp_rate32=  600pp_rate33=  400
lg_sample0=    2lg_sample1=    5
lg_sample2=    7lg_sample3=    5
lg_sample4=    2lg_sample5=    2
lg_sample6=    2lg_sample7=    5
lg_sample8=    2lg_sample9=    5
lg_sample10=    3
ffalse[0]= 281ffalse[1]= 1869
ffalse[2]= 372ffalse[3]= 3794
ffalse[4]= 3439ffalse[5]= 4075
epr[pH]= 0.550epr[PCO2]= 0.600epr[PO2]= 0.650
epr[Na+ ]= 0.550epr[K+  ]= 0.500epr[Cl- ]= 0.500
epr[Ca++]= 0.500epr[Glu ]= 0.500epr[BUN ]= 0.500
epr[Lac]= 0.500
epf[pH]= 0.550epf[PCO2]= 0.600epf[PO2]= 0.650
epf[Na+ ]= 0.550epf[K+  ]= 0.500epf[Cl- ]= 0.500
epf[Ca++]= 0.500epf[Glu ]= 0.500epf[BUN ]= 0.500
epf[Lac]= 0.500
vol_i=  0.00000
pump_k=  0.00000
airfo1=  0.00000
senfc1=  0.00000
senfc2=  1.00000
thresho2cal= 700.0
o2diff=  0.10000
max_repeat= 0
optic_delay=   2.00
home_offset= 305
clearmode= 2
phr corr= 160
pcr corr= 75
SRC Lot: 000000 8/5/109,7.080,7.120,7.100,0.400,0.150,68.000,72.000,70.000,0.400,0.150,57.000,63.000,60.000,0.400,0.150,123.000,127.000,125.000,0.400,0.200,2.200,2.800,2.500,0.400,0.200,78.000,82.000,80.000,0.400,0.200,1.700,1.900,1.800,0.400,0.200,36.000,44.000,40.000,0.400,0.200,1.500,2.500,2.000,0.400,0.200,0.700,1.300,1.000,0.400,0.200,18.500,21.500,20.000,0.000,0.800,68.000,72.000,70.000,0.000,0.800,
SRC Lot: 000000 8/5/109,7.380,7.420,7.400,0.400,0.150,38.000,42.000,40.000,0.400,0.150,97.000,103.000,100.000,0.400,0.150,143.000,147.000,145.000,0.400,0.200,4.200,4.800,4.500,0.400,0.200,103.000,107.000,105.000,0.400,0.200,1.000,1.200,1.100,0.400,0.200,106.000,114.000,110.000,0.400,0.200,9.500,10.500,10.000,0.400,0.200,2.200,2.800,2.500,0.400,0.200,12.500,15.500,14.000,0.000,0.800,88.000,92.000,90.000,0.000,0.800,
SRC Lot: 000000 8/5/109,7.580,7.620,7.600,0.400,0.150,18.000,22.000,20.000,0.400,0.150,167.000,173.000,170.000,0.400,0.150,163.000,167.000,165.000,0.400,0.200,6.700,7.300,7.000,0.400,0.200,128.000,132.000,130.000,0.400,0.200,0.600,0.800,0.700,0.400,0.200,296.000,304.000,300.000,0.400,0.200,24.500,25.500,25.000,0.400,0.200,9.700,10.300,10.000,0.400,0.200,6.500,9.500,8.000,0.000,0.800,96.000,100.000,98.000,0.000,0.800,
ion_na=   0.150000
ion_k=   0.005200
calna_a=   2.308000
calna_d=   0.107000
ion_cl=   0.108100
cl_a=  -2.441000
cl_b=  -0.733000
dbg > eeprom /dna_display
EEPROM DNA FingerPrint:
idac1=1008
idac2=976
idac3=1064
serialnum=1716
false[1] = 281
false[2] = 1869
false[3] = 372
false[4] = 3794
false[5] = 3439
false[6] = 4075
lower limit=117
upper limit=2134
lower factor=500.000
upper factor=  0.800
home_offset=305
phr corr= 160
pcr corr= 75
gas 0psi= 448
gas 140psi= 3648
dbg > setion all
calna_a =   2.308000 calna_d =   0.107000
calca_a =   0.000000 calca_d =   0.000001 cl_a     =  -2.441000 cl_b     =  -0.733000 kf_a     =   0.258800
calgl_a = -695.000000 calgl_b =  60.000000 calgl_c =   0.060000 calgl_d =  50.000000
calnh4_a =   0.141700 calnh4_b =   0.017600 calnh4_c =   0.000000 calnh4_d =  -1.000000 calnh4_e =  -4.089000 calnh4_f = -37.367001
ion_na  =   0.150000
ion_k   =   0.005200 ion_cl  =   0.108100 ion_ca  =   0.001235
ion_k_d =   0.002200 ion_cl_d =   0.108100 ion_ca_d =   0.001750
actcoef_c =   0.337300
dbg > laserparam
WQC_SETTLE=0.1000
WQC_NUM   =75
SAM_SETTLE=0.1000
SAM_NUM   =75
K1        =3.7412F1          =1.0000
K2        =3.3610F2          =1.0000
K3        =0.7905F3          =1.0000
K4        =-8.9050F4          =0.0000
K5        =17.5530F5          =0.0000
K6        =6.7343F6          =8.1000
K7        =14.1790F7          =51.3000
K8        =120.5000F8          =11.2000
K9        =0.1644F9          =50.4000
K10       =0.1428F10         =15.9000
K11       =0.0040F11         =2.0000
K12       =1.4519F12         =52.9000
dbg > sensors /table
Sensors Table
pH:5.690000 0.008000 0.000000 0.000000 0.000012 1.000000 0.000000 0.005000
PCO2:6.860000 0.008000 0.000000 0.000000 0.000030 0.200000 0.300000 0.700000
PO2:0.770000 0.003000 0.000000 0.000000 0.000400 0.200000 0.000000 0.700000
Na+ :-1.480000 0.015000 0.020000 0.008000 0.000600 0.200000 0.000000 0.000500
K+  :0.019000 0.002000 0.200000 0.030000 -0.000800 0.200000 -0.000100 0.000100
Cl- :4.550000 0.100000 0.000000 0.000000 0.001500 0.200000 0.001200 0.001000
Ca++:0.460000 0.020000 0.000420 0.000040 -0.000300 0.200000 0.000000 0.000025
Glu :0.525000 0.100000 -0.174000 0.008000 0.000800 0.200000 -0.042500 0.009000
BUN :0.534800 0.020000 3.811000 0.300000 -0.000490 0.400000 0.000479 0.000100
Lac:0.000000 0.000000 0.000000 0.000000 0.000000 0.000000 0.000000 0.000000
tHb :1.000000 0.020000 0.000000 0.000000 0.000000 0.000000 0.000000 0.000000
SO2 :1.000000 0.020000 0.000000 0.000000 0.000000 0.000000 0.000000 0.000000
B_Lac Sensors Table
pH:0.000000 0.000000 0.000000 0.000050 0.000000 0.000000
PCO2:300.000000 4.000000 0.000000 0.000100 1.050000 0.002000
PO2:0.800000 0.003000 0.000000 0.000100 0.000000 0.000000
Na+ :0.000000 0.000000 0.000000 0.000000 0.000000 0.000000
K+  :0.000000 0.000000 0.000000 0.000000 0.000000 0.000000
Cl- :0.000000 0.000000 0.000000 0.000000 0.000000 0.000000
Ca++:0.000000 0.000000 0.000000 0.000000 0.000000 0.000000
Glu :0.000000 0.000000 0.000000 0.000000 0.000000 0.000000
BUN :0.000000 0.000000 0.000000 0.000000 0.000000 0.000000
Lac:400.000000 2.000000 0.000000 0.000100 0.000000 0.000000
tHb :1.000000 0.020000 0.000000 0.000000 0.000000 0.000000
SO2 :1.000000 0.020000 0.000000 0.000000 0.000000 0.000000
dbg > 