
dbg > set sn  1718
dbg > db /raw /d
Lowtask disabled

Raw Data
--------------
Total Samples: 19
1,08/05/10,10:14:15,1,e915650608056056982574555406184553523,65,915650,896,704,992,-28127,-28592, 0.89600003,731.258,  0.000,60,4,197,0,0,1,288,45,26,0,0,60,00,00,00,0000,0000,0000,0,0,0,0,0,0,0000,0000,0,505668,0,0,0,210617,0,0,0,0,0,0,0,0,0,0,0,0,19,31,9,0,0,9,83,65,61,0,0,61,  7.39637, 41.240, 95.741,41.03,95.70,0.09,0.00,0.00,7.40,68752.80,237862.61,43195.52,0.00,0.00,379112.38,26982.51,236085.30,43461.71,0.00,0.00,82196.23,29335.220703,167732.671875,40976.109375,0.000000,0.000000,86693.226563,  6.03040,1549,2764,2646,2994,3717,2325,932,2763,1575,2991,2250,2326,0,0,0,0,0,0,  0.00000,  0.00000,  0.00000,  0.00000,2005,2009,      0.000,      0.000, 0.0000000, 0.0000000, 0.0000000, 0.0000000,      0.000,      0.000,      0.000,      0.000,      0.000,      0.000,      0.000,      0.000,      0.000,      0.000,      0.000,      0.000,      0.000,      0.000,      0.000,      0.000,      0.000,      0.000,      0.000,      0.000,      0.000,      0.000,      0.000,      0.000,      0.000,      0.000,      0.000,      0.000,      0.000,      0.000,      0.000,      0.000,      0.000,  44904.539,  44594.918,  44324.781,  44124.000,  43964.086,  43830.957,  43705.785,  43373.945,  42936.016,  42583.633,  42299.434,  42092.652,  41885.895,  41718.195,  41562.117,  41442.180,  41319.695,  41228.465,  41133.723,  41075.813,  41007.215,  40966.813,  40940.336,  40918.289,  40893.070,  40897.711,  40891.660,  40909.465,  40934.211,  40946.414,  0.0000000,  0.0000000,  0.0000000,  0.0000000,  0.0000000,
2,08/05/10,10:24:10,2,e915650608056056982574555406184553523,65,915650,912,704,1024,-27582,464, 0.89600003,731.258,  0.000,127,8,161,0,0,138,287,42,761,0,0,53,00,00,00,0000,0000,0000,0,0,0,0,0,0,0000,0000,0,504089,0,0,0,201966,0,0,0,0,0,0,0,0,0,0,0,0,21,29,9,0,0,9,67,41,61,0,0,61,  7.39637, 41.241, 95.743,40.81,95.83,0.08,0.00,0.00,7.40,65134.41,241100.00,42346.93,0.00,0.00,363540.50,26453.67,235346.27,73644.95,0.00,0.00,92471.56,30617.421875,252910.859375,56147.804687,0.000000,0.000000,106821.843750,  6.03040,1555,2765,2665,2996,3677,2325,1104,2764,1664,2998,2377,2328,0,0,0,0,0,0,  0.00000,  0.00000,  9.92895, 68.13468,0,0,      0.000,      0.000, 0.0000000, 0.0000000, 0.0000000, 0.0000000,      0.000,      0.000,      0.000,      0.000,      0.000,      0.000,      0.000,      0.000,      0.000,      0.000,      0.000,      0.000,      0.000,      0.000,      0.000,      0.000,      0.000,      0.000,      0.000,      0.000,      0.000,      0.000,      0.000,      0.000,      0.000,      0.000,      0.000,      0.000,      0.000,      0.000,      0.000,      0.000,      0.000,  43280.777,  43129.738,  43012.262,  42745.262,  42396.879,  42229.852,  42211.500,  42291.652,  42465.426,  42708.625,  43006.043,  43363.047,  43755.324,  44197.930,  44668.160,  45195.328,  45727.977,  46316.563,  46927.234,  47562.336,  48230.555,  48925.652,  49635.301,  50404.281,  51156.414,  51951.656,  52763.523,  53598.816,  54437.129,  55312.266,  0.0000000,  0.0000000,  0.0000000,  0.0000000,  0.0000000,
3,08/05/10,10:29:04,3,e915650608056056982574555406184553523,65,915650,880,704,992,-27235,210, 0.89600003,731.258,  0.000,130,3,178,0,0,142,286,47,779,0,0,52,00,00,00,0000,0000,0000,0,0,0,0,0,0,0000,0000,0,511945,0,0,0,206836,0,0,0,0,0,0,0,0,0,0,0,0,21,29,9,0,0,9,65,39,61,0,0,61,  7.39636, 41.241, 95.745,40.80,95.78,0.09,0.00,0.00,7.40,67165.91,249062.72,43091.72,0.00,0.00,372305.28,27591.89,239011.73,74889.24,0.00,0.00,95061.56,31990.443359,257417.265625,57550.929687,0.000000,0.000000,109481.179688,  6.03040,1540,2766,2681,2996,3671,2327,1079,2765,1642,2996,2333,2328,0,0,0,0,0,0,  0.00000,  0.00000, 10.09234, 68.05348,0,0,      0.000,      0.000, 0.0000000, 0.0000000, 0.0000000, 0.0000000,      0.000,      0.000,      0.000,      0.000,      0.000,      0.000,      0.000,      0.000,      0.000,      0.000,      0.000,      0.000,      0.000,      0.000,      0.000,      0.000,      0.000,      0.000,      0.000,      0.000,      0.000,      0.000,      0.000,      0.000,      0.000,      0.000,      0.000,      0.000,      0.000,      0.000,      0.000,      0.000,      0.000,  44192.766,  44064.426,  43948.988,  43733.453,  43403.887,  43232.797,  43207.570,  43308.570,  43498.895,  43734.980,  44045.543,  44397.234,  44786.645,  45237.836,  45712.902,  46237.180,  46795.215,  47383.828,  48003.746,  48648.738,  49333.766,  50051.891,  50790.727,  51564.520,  52362.270,  53178.168,  54020.965,  54885.926,  55765.027,  56661.371,  0.0000000,  0.0000000,  0.0000000,  0.0000000,  0.0000000,
4,08/05/10,10:34:35,4,e915650608056056982574555406184553523,65,915650,848,688,1008,-26942,182, 0.89600003,731.380,  0.000,93,10,917,0,0,23,280,58,1542,0,0,55,00,00,00,0000,0000,0000,0,0,0,0,0,0,0000,0000,0,518945,0,0,0,208545,0,0,0,0,0,0,0,0,0,0,0,0,19,29,9,0,0,9,77,47,61,0,0,61,  7.39632, 41.247, 95.758,40.93,95.66,0.07,0.00,0.00,7.40,66829.26,248525.03,42330.95,0.00,0.00,375382.63,26140.43,242263.16,217733.31,0.00,0.00,78852.30,28298.876953,224543.000000,69921.875000,0.000000,0.000000,83242.250000,  6.03040,1537,2767,2638,2993,3679,2326,2028,2745,2247,2991,3149,2327,0,0,0,0,0,0,  0.00000,  0.00000,  6.49319, 77.74359,0,0,      0.000,      0.000, 0.0000000, 0.0000000, 0.0000000, 0.0000000,      0.000,      0.000,      0.000,      0.000,      0.000,      0.000,      0.000,      0.000,      0.000,      0.000,      0.000,      0.000,      0.000,      0.000,      0.000,      0.000,      0.000,      0.000,      0.000,      0.000,      0.000,      0.000,      0.000,      0.000,      0.000,      0.000,      0.000,      0.000,      0.000,      0.000,      0.000,      0.000,      0.000,  43336.820,  43165.844,  43020.836,  42868.121,  42500.223,  42271.578,  42244.719,  42359.828,  42613.160,  42968.828,  43425.508,  43965.477,  44596.465,  45280.488,  46057.887,  46891.129,  47833.262,  48824.715,  49910.387,  51069.051,  52317.707,  53634.543,  55054.906,  56566.188,  58189.266,  59887.938,  61694.797,  63626.109,  65699.695,  67859.656,  0.0000000,  0.0000000,  0.0000000,  0.0000000,  0.0000000,
5,08/05/10,10:39:39,5,e915650608056056982574555406184553523,65,915650,912,704,992,-26590,198, 0.89600003,731.380,  0.000,101,8,822,0,0,16,280,49,1517,0,0,55,00,00,00,0000,0000,0000,0,0,0,0,0,0,0000,0000,0,518717,0,0,0,208942,0,0,0,0,0,0,0,0,0,0,0,0,19,29,9,0,0,9,81,53,61,0,0,61,  7.39632, 41.247, 95.758,40.90,95.68,0.08,0.00,0.00,7.40,70789.09,248996.56,42603.30,0.00,0.00,376097.19,28219.68,242156.61,226181.38,0.00,0.00,78535.67,30611.550781,223908.562500,69934.507813,0.000000,0.000000,82910.710938,  6.03040,1556,2768,2634,2993,3711,2327,2055,2766,2213,2996,3188,2330,0,0,0,0,0,0,  0.00000,  0.00000,  6.58475, 78.31168,0,0,      0.000,      0.000, 0.0000000, 0.0000000, 0.0000000, 0.0000000,      0.000,      0.000,      0.000,      0.000,      0.000,      0.000,      0.000,      0.000,      0.000,      0.000,      0.000,      0.000,      0.000,      0.000,      0.000,      0.000,      0.000,      0.000,      0.000,      0.000,      0.000,      0.000,      0.000,      0.000,      0.000,      0.000,      0.000,      0.000,      0.000,      0.000,      0.000,      0.000,      0.000,  43812.672,  43644.223,  43506.918,  43358.246,  43002.879,  42750.758,  42705.348,  42819.000,  43069.801,  43429.852,  43874.656,  44412.008,  45016.531,  45693.918,  46465.074,  47299.254,  48215.449,  49192.184,  50262.047,  51408.406,  52625.836,  53935.973,  55332.527,  56813.828,  58399.910,  60056.277,  61850.461,  63749.262,  65767.289,  67915.437,  0.0000000,  0.0000000,  0.0000000,  0.0000000,  0.0000000,
6,08/05/10,10:44:56,6,e915650608056056982574555406184553523,65,915650,864,784,976,-26289,172, 0.89600003,731.380,  0.000,73,2,2,0,0,192,283,45,3228,0,0,51,00,00,00,0000,0000,0000,0,0,0,0,0,0,0000,0000,0,519056,0,0,0,208953,0,0,0,0,0,0,0,0,0,0,0,0,15,29,9,0,0,9,87,51,61,0,0,61,  7.39632, 41.247, 95.758,41.00,95.74,0.09,0.00,0.00,7.40,69700.14,252512.19,42544.94,0.00,0.00,376116.88,27225.19,242314.80,242494.38,0.00,0.00,71745.67,27892.904297,204701.859375,105674.835938,0.000000,0.000000,66186.898438,  6.03040,1537,2767,2641,2996,3679,2326,2952,2746,2995,2993,4055,2329,0,0,0,0,0,0,  0.00000,  0.00000,  2.80892, 84.81229,0,0,      0.000,      0.000, 0.0000000, 0.0000000, 0.0000000, 0.0000000,      0.000,      0.000,      0.000,      0.000,      0.000,      0.000,      0.000,      0.000,      0.000,      0.000,      0.000,      0.000,      0.000,      0.000,      0.000,      0.000,      0.000,      0.000,      0.000,      0.000,      0.000,      0.000,      0.000,      0.000,      0.000,      0.000,      0.000,      0.000,      0.000,      0.000,      0.000,      0.000,      0.000,  43575.324,  43405.070,  43260.520,  43090.906,  42731.281,  42548.766,  42589.707,  42811.555,  43173.727,  43670.754,  44293.254,  45075.707,  45983.078,  47038.055,  48242.070,  49600.094,  51129.023,  52832.996,  54749.449,  56865.563,  59238.879,  61888.398,  64835.379,  68169.266,  71888.883,  76144.633,  80956.836,  86380.234,  92512.242,  99443.453,  0.0000000,  0.0000000,  0.0000000,  0.0000000,  0.0000000,
7,08/05/10,10:49:58,7,e915650608056056982574555406184553523,65,915650,880,688,1008,-26006,165, 0.89600003,731.258,  0.000,69,0,6,0,0,189,281,44,3144,0,0,50,00,00,00,0000,0000,0000,0,0,0,0,0,0,0000,0000,0,516364,0,0,0,198264,0,0,0,0,0,0,0,0,0,0,0,0,15,29,9,0,0,9,83,51,61,0,0,61,  7.39637, 41.241, 95.743,41.00,95.74,0.08,0.00,0.00,7.40,67897.01,246915.64,42745.37,0.00,0.00,356875.22,26362.52,241076.81,243971.50,0.00,0.00,68138.00,26911.062500,203491.875000,102513.515625,0.000000,0.000000,62695.363281,  6.03040,1524,2768,2611,2994,3663,2328,2947,2746,2949,2993,4055,2331,0,0,0,0,0,0,  0.00000,  0.00000,  2.96556, 85.14588,0,0,      0.000,      0.000, 0.0000000, 0.0000000, 0.0000000, 0.0000000,      0.000,      0.000,      0.000,      0.000,      0.000,      0.000,      0.000,      0.000,      0.000,      0.000,      0.000,      0.000,      0.000,      0.000,      0.000,      0.000,      0.000,      0.000,      0.000,      0.000,      0.000,      0.000,      0.000,      0.000,      0.000,      0.000,      0.000,      0.000,      0.000,      0.000,      0.000,      0.000,      0.000,  43730.516,  43556.379,  43402.727,  43254.668,  42900.211,  42670.348,  42676.477,  42849.168,  43173.285,  43635.355,  44225.688,  44961.031,  45827.031,  46829.961,  47983.480,  49292.047,  50751.762,  52396.668,  54225.063,  56255.152,  58523.449,  61046.727,  63884.148,  67045.203,  70588.055,  74592.445,  79137.180,  84273.383,  90079.117,  96617.469,  0.0000000,  0.0000000,  0.0000000,  0.0000000,  0.0000000,
8,08/05/10,10:54:48,8,e915650608056056982574555406184553523,65,915650,848,768,960,-25744,150, 0.89600003,731.258,  0.000,128,1,4,0,0,161,288,42,2577,0,0,41,00,00,00,0000,0000,0000,0,0,0,0,0,0,0000,0000,0,510642,0,0,0,204408,0,0,0,0,0,0,0,0,0,0,0,0,25,31,9,0,0,9,83,35,61,0,0,61,  7.39636, 41.241, 95.745,40.81,95.76,0.09,0.00,0.00,7.40,68972.27,234197.55,42127.55,0.00,0.00,367935.19,28126.66,238403.20,241292.52,0.00,0.00,117185.77,33216.910156,271740.062500,197625.578125,0.000000,0.000000,140692.687500,  6.03040,1540,2765,2608,2997,3676,2327,920,2767,1557,2996,2220,2329,0,0,0,0,0,0,  0.00000,  0.00000,  0.00000,  0.00000,1859,1866,      0.000,      0.000, 0.0000000, 0.0000000, 0.0000000, 0.0000000,      0.000,      0.000,      0.000,      0.000,      0.000,      0.000,      0.000,      0.000,      0.000,      0.000,      0.000,      0.000,      0.000,      0.000,      0.000,      0.000,      0.000,      0.000,      0.000,      0.000,      0.000,      0.000,      0.000,      0.000,      0.000,      0.000,      0.000,      0.000,      0.000,      0.000,      0.000,      0.000,      0.000,  43922.816,  43595.680,  43311.641,  43094.941,  42912.723,  42771.348,  42644.039,  42404.281,  42298.773,  42519.477,  43041.152,  44018.465,  45515.156,  47665.102,  50572.508,  54386.125,  59191.734,  65076.590,  72036.734,  80023.633,  88902.727,  98647.945, 109176.773, 120311.234, 131846.234, 143551.437, 155189.906, 166400.906, 177173.062, 187090.750,  0.0000000,  0.0000000,  0.0000000,  0.0000000,  0.0000000,
9,08/05/10,10:59:21,9,e915650608056056982574555406184553523,65,915650,864,696,992,-25496,143, 0.89600003,731.258,  0.000,138,3,3,0,0,161,280,40,2728,0,0,44,00,00,00,0000,0000,0000,0,0,0,0,0,0,0000,0000,0,518509,0,0,0,197368,0,0,0,0,0,0,0,0,0,0,0,0,25,31,9,0,0,9,73,35,61,0,0,61,  7.39637, 41.241, 95.743,40.77,95.77,0.08,0.00,0.00,7.40,67122.30,234880.72,42596.10,0.00,0.00,355263.91,26813.45,242078.52,243969.11,0.00,0.00,114961.48,32101.851563,272725.812500,192393.250000,0.000000,0.000000,137621.562500,  6.03040,1555,2766,2645,2995,3717,2326,940,2767,1576,2991,2258,2328,0,0,0,0,0,0,  0.00000,  0.00000,  0.00000,  0.00000,1889,1890,      0.000,      0.000, 0.0000000, 0.0000000, 0.0000000, 0.0000000,      0.000,      0.000,      0.000,      0.000,      0.000,      0.000,      0.000,      0.000,      0.000,      0.000,      0.000,      0.000,      0.000,      0.000,      0.000,      0.000,      0.000,      0.000,      0.000,      0.000,      0.000,      0.000,      0.000,      0.000,      0.000,      0.000,      0.000,      0.000,      0.000,      0.000,      0.000,      0.000,      0.000,  44416.090,  44056.035,  43783.590,  43567.098,  43388.770,  43249.750,  43116.230,  42918.305,  42772.102,  42885.875,  43279.969,  44049.133,  45266.762,  47066.629,  49530.121,  52814.758,  57052.188,  62343.313,  68745.805,  76229.250,  84721.555,  94009.867, 104104.148, 114904.070, 126142.164, 137616.891, 149179.750, 160499.703, 171449.547, 181642.437,  0.0000000,  0.0000000,  0.0000000,  0.0000000,  0.0000000,
10,08/05/10,11:05:00,10,e915650608056056982574555406184553523,65,915650,880,720,992,-25077,222, 0.89600003,731.380,  0.000,42,8,3,0,0,432,282,36,3962,0,0,78,00,00,00,0000,0000,0000,0,0,0,0,0,0,0000,0000,0,519330,0,0,0,205752,0,0,0,0,0,0,0,0,0,0,0,0,13,31,9,0,0,9,97,57,61,0,0,61,  7.39632, 41.247, 95.758,41.10,95.68,0.09,0.00,0.00,7.40,69881.27,235405.22,42830.19,0.00,0.00,370354.03,27257.66,242442.89,244044.89,0.00,0.00,61108.76,26674.683594,140706.765625,156881.578125,0.000000,0.000000,49158.941406,  6.03040,1550,2763,2639,2994,3716,2326,920,2765,1557,2992,2234,2329,0,0,0,0,0,0,  0.00000,  0.00000,  0.00000,  0.00000,1939,1939,      0.000,      0.000, 0.0000000, 0.0000000, 0.0000000, 0.0000000,      0.000,      0.000,      0.000,      0.000,      0.000,      0.000,      0.000,      0.000,      0.000,      0.000,      0.000,      0.000,      0.000,      0.000,      0.000,      0.000,      0.000,      0.000,      0.000,      0.000,      0.000,      0.000,      0.000,      0.000,      0.000,      0.000,      0.000,      0.000,      0.000,      0.000,      0.000,      0.000,      0.000,  44609.137,  44296.250,  44010.898,  43782.375,  43623.789,  43485.844,  43358.996,  43056.023,  42744.168,  42721.328,  42967.191,  43405.109,  44075.996,  44990.809,  46212.094,  47766.336,  49671.980,  52023.074,  54863.715,  58315.273,  62486.082,  67556.836,  73642.570,  80952.234,  89362.648,  98967.477, 109601.898, 121089.930, 133115.422, 145395.922,  0.0000000,  0.0000000,  0.0000000,  0.0000000,  0.0000000,
11,08/05/10,11:13:20,11,e915650608056056982574555406184553523,65,915650,928,704,992,-24604,350, 0.89600003,731.380,  0.000,0,16,1,0,0,486,290,45,4224,0,0,77,00,00,00,0000,0000,0000,0,0,0,0,0,0,0000,0000,0,516747,0,0,0,204394,0,0,0,0,0,0,0,0,0,0,0,0,15,29,9,0,0,9,93,55,61,0,0,61,  7.39632, 41.248, 95.760,41.25,95.60,0.07,0.00,0.00,7.40,65661.70,235756.45,42743.96,0.00,0.00,367910.50,26166.23,241234.70,245089.80,0.00,0.00,60901.12,25413.308594,138288.234375,140314.312500,0.000000,0.000000,48967.355469,  6.03040,1558,2761,2632,2992,3714,2328,936,2764,1572,2992,2262,2331,0,0,0,0,0,0,  0.00000,  0.00000,  0.00000,  0.00000,2058,2059,      0.000,      0.000, 0.0000000, 0.0000000, 0.0000000, 0.0000000,      0.000,      0.000,      0.000,      0.000,      0.000,      0.000,      0.000,      0.000,      0.000,      0.000,      0.000,      0.000,      0.000,      0.000,      0.000,      0.000,      0.000,      0.000,      0.000,      0.000,      0.000,      0.000,      0.000,      0.000,      0.000,      0.000,      0.000,      0.000,      0.000,      0.000,      0.000,      0.000,      0.000,  44492.879,  44170.137,  43893.738,  43670.043,  43499.652,  43352.723,  43233.145,  43081.707,  42698.270,  42519.410,  42591.027,  42872.574,  43354.270,  44044.793,  44963.063,  46173.906,  47686.156,  49523.047,  51773.773,  54494.207,  57775.969,  61725.227,  66498.031,  72246.297,  79120.070,  87125.164,  96314.258, 106617.461, 117797.789, 129661.398,  0.0000000,  0.0000000,  0.0000000,  0.0000000,  0.0000000,
12,08/05/10,14:31:45,12,e915650608056056982574555406184553523,65,915650,896,704,992,-12647,11813, 0.89600003,730.647,  0.000,105,23,959,0,0,25,276,52,1732,0,0,57,00,00,00,0000,0000,0000,0,0,0,0,0,0,0000,0000,0,519898,0,0,0,203343,0,0,0,0,0,0,0,0,0,0,0,0,21,27,9,0,0,9,79,45,61,0,0,61,  7.39662, 41.203, 95.656,40.85,95.43,0.09,0.00,0.00,7.40,68654.91,229915.77,42984.87,0.00,0.00,366017.66,27607.63,242835.33,232457.11,0.00,0.00,83215.10,32526.302734,301345.093750,69592.296875,0.000000,0.000000,104581.132813,  6.03040,1590,2762,2688,2991,3739,2325,733,2761,1224,2995,1293,2324,0,0,0,0,0,0,  0.00000,  0.00000, 14.27304, 72.18826,61,65,      0.000,      0.000, 0.0000000, 0.0000000, 0.0000000, 0.0000000,      0.000,      0.000,      0.000,      0.000,      0.000,      0.000,      0.000,      0.000,      0.000,      0.000,      0.000,      0.000,      0.000,      0.000,      0.000,      0.000,      0.000,      0.000,      0.000,      0.000,      0.000,      0.000,      0.000,      0.000,      0.000,      0.000,      0.000,      0.000,      0.000,      0.000,      0.000,      0.000,      0.000,  44581.719,  44334.887,  44119.895,  43951.148,  43825.508,  43719.047,  43635.281,  43535.141,  43258.434,  43146.496,  43234.668,  43457.262,  43794.938,  44251.699,  44820.043,  45501.797,  46307.172,  47203.215,  48216.578,  49330.441,  50572.523,  51912.523,  53371.875,  54965.344,  56668.699,  58501.539,  60463.207,  62606.457,  64876.465,  67306.922,  0.0000000,  0.0000000,  0.0000000,  0.0000000,  0.0000000,
13,08/05/10,14:37:09,13,e915650608056056982574555406184553523,65,915650,896,704,1024,-12334,195, 0.89600003,730.647,  0.000,139,0,371,0,0,78,279,29,1910,0,0,50,00,00,00,0000,0000,0000,0,0,0,0,0,0,0000,0000,0,506773,0,0,0,198935,0,0,0,0,0,0,0,0,0,0,0,0,23,31,9,0,0,9,77,43,61,0,0,61,  7.39662, 41.203, 95.656,40.73,95.66,0.08,0.00,0.00,7.40,67054.46,229786.91,42148.37,0.00,0.00,358084.47,27622.48,236705.11,236323.27,0.00,0.00,80724.84,32600.437500,295968.218750,72500.195313,0.000000,0.000000,101568.562500,  6.03040,1554,2765,2646,2997,3708,2324,727,2764,1242,2995,1309,2326,0,0,0,0,0,0,  0.00000,  0.00000, 14.12458, 71.51859,63,43,      0.000,      0.000, 0.0000000, 0.0000000, 0.0000000, 0.0000000,      0.000,      0.000,      0.000,      0.000,      0.000,      0.000,      0.000,      0.000,      0.000,      0.000,      0.000,      0.000,      0.000,      0.000,      0.000,      0.000,      0.000,      0.000,      0.000,      0.000,      0.000,      0.000,      0.000,      0.000,      0.000,      0.000,      0.000,      0.000,      0.000,      0.000,      0.000,      0.000,      0.000,  43505.418,  43290.848,  43107.902,  42971.648,  42860.305,  42787.656,  42714.801,  42516.922,  42273.023,  42281.898,  42448.500,  42738.230,  43182.496,  43732.578,  44396.082,  45178.344,  46078.301,  47102.613,  48253.492,  49504.227,  50895.547,  52403.988,  54054.828,  55832.684,  57756.621,  59823.754,  62069.160,  64483.508,  67088.859,  69886.016,  0.0000000,  0.0000000,  0.0000000,  0.0000000,  0.0000000,
14,08/05/10,14:50:35,14,e915650608056056982574555406184553523,65,915650,848,768,960,-11417,727, 0.89600003,730.647,  0.000,82,0,133,0,0,81,283,46,1967,0,0,124,00,00,00,0000,0000,0000,0,0,0,0,0,0,0000,0000,0,509159,0,0,0,198468,0,0,0,0,0,0,0,0,0,0,0,0,19,31,9,0,0,9,83,49,61,0,0,63,  7.39662, 41.203, 95.656,40.92,95.66,0.07,0.00,0.00,7.40,66679.11,240041.73,42652.19,0.00,0.00,357243.03,27113.53,237819.19,241269.94,0.00,0.00,81272.48,29436.929688,228306.578125,74906.187500,0.000000,0.000000,85336.937500,  6.03040,1543,2761,2632,2995,3685,2326,2147,2762,1309,2998,1141,2325,0,0,0,0,0,0,  0.00000,  0.00000, 14.09161, 97.79658,82,79,      0.000,      0.000, 0.0000000, 0.0000000, 0.0000000, 0.0000000,      0.000,      0.000,      0.000,      0.000,      0.000,      0.000,      0.000,      0.000,      0.000,      0.000,      0.000,      0.000,      0.000,      0.000,      0.000,      0.000,      0.000,      0.000,      0.000,      0.000,      0.000,      0.000,      0.000,      0.000,      0.000,      0.000,      0.000,      0.000,      0.000,      0.000,      0.000,      0.000,      0.000,  44590.402,  44328.523,  44127.145,  43976.555,  43851.219,  43743.012,  43684.793,  43452.102,  43158.008,  43127.191,  43275.672,  43578.031,  44001.418,  44537.840,  45223.359,  46033.039,  46951.746,  48028.375,  49210.066,  50522.715,  51983.105,  53564.223,  55322.051,  57197.609,  59237.367,  61445.082,  63826.465,  66383.023,  69155.219,  72104.461,  0.0000000,  0.0000000,  0.0000000,  0.0000000,  0.0000000,
15,08/05/10,14:57:41,15,e915650608056056982574555406184553523,65,915650,864,768,960,-10964,309, 0.89600003,730.525,  0.000,81,5,84,0,0,67,280,49,2093,0,0,132,00,00,00,0000,0000,0000,0,0,0,0,0,0,0000,0000,0,506991,0,0,0,197619,0,0,0,0,0,0,0,0,0,0,0,0,19,31,9,0,0,9,83,49,61,0,0,61,  7.39666, 41.196, 95.641,40.92,95.59,0.09,0.00,0.00,7.40,65483.35,230454.23,42260.94,0.00,0.00,355714.44,26154.51,236825.50,239148.28,0.00,0.00,82181.05,28342.759766,227972.359375,76678.421875,0.000000,0.000000,86383.125000,  6.03040,1549,2763,2649,2996,3656,2326,2173,2761,1313,2987,1144,2327,0,0,0,0,0,0,  0.00000,  0.00000, 14.03169, 98.01472,56,77,      0.000,      0.000, 0.0000000, 0.0000000, 0.0000000, 0.0000000,      0.000,      0.000,      0.000,      0.000,      0.000,      0.000,      0.000,      0.000,      0.000,      0.000,      0.000,      0.000,      0.000,      0.000,      0.000,      0.000,      0.000,      0.000,      0.000,      0.000,      0.000,      0.000,      0.000,      0.000,      0.000,      0.000,      0.000,      0.000,      0.000,      0.000,      0.000,      0.000,      0.000,  44399.594,  44143.023,  43929.207,  43758.316,  43643.938,  43549.992,  43462.895,  43263.590,  42967.422,  42902.145,  43055.227,  43353.348,  43772.680,  44334.574,  45039.813,  45860.449,  46831.855,  47933.074,  49156.766,  50551.762,  52069.543,  53736.363,  55575.871,  57563.586,  59739.441,  62096.125,  64658.957,  67414.195,  70420.547,  73655.156,  0.0000000,  0.0000000,  0.0000000,  0.0000000,  0.0000000,
16,08/05/10,15:21:10,16,e915650608056056982574555406184553523,65,915650,880,688,1008,-9592,1242, 0.89600003,730.403,  0.000,44,16,1194,0,0,229,285,53,1269,0,0,140,00,00,00,0000,0000,0000,0,0,0,0,0,0,0000,0000,0,518009,0,0,0,208700,0,0,0,0,0,0,0,0,0,0,0,0,13,33,9,0,0,9,93,69,61,0,0,85,  7.39672, 41.188, 95.622,41.04,95.46,0.08,0.00,0.00,7.40,68832.23,241674.27,42682.33,0.00,0.00,375661.28,26441.93,241995.38,179183.38,0.00,0.00,85974.77,26355.324219,147245.781250,61805.312500,0.000000,0.000000,71733.382813,  6.03040,1532,2759,2631,2996,3684,2323,2437,2760,1322,2994,1115,2325,0,0,0,0,0,0,  0.00000,  0.00000, 14.05793,100.85725,80,79,      0.000,      0.000, 0.0000000, 0.0000000, 0.0000000, 0.0000000,      0.000,      0.000,      0.000,      0.000,      0.000,      0.000,      0.000,      0.000,      0.000,      0.000,      0.000,      0.000,      0.000,      0.000,      0.000,      0.000,      0.000,      0.000,      0.000,      0.000,      0.000,      0.000,      0.000,      0.000,      0.000,      0.000,      0.000,      0.000,      0.000,      0.000,      0.000,      0.000,      0.000,  44421.551,  44166.070,  43954.336,  43788.672,  43679.496,  43570.941,  43484.180,  43282.797,  42853.813,  42595.453,  42536.434,  42655.418,  42903.520,  43278.379,  43747.113,  44302.234,  44945.555,  45691.367,  46508.668,  47408.695,  48380.508,  49428.715,  50544.168,  51732.891,  52995.363,  54338.863,  55741.906,  57194.148,  58701.156,  60289.492,  0.0000000,  0.0000000,  0.0000000,  0.0000000,  0.0000000,
17,08/05/10,15:27:16,17,e915650608056056982574555406184553523,65,915650,944,704,992,-9298,195, 0.89600003,730.403,  0.000,31,15,1346,0,0,229,278,40,1340,0,0,138,00,00,00,0000,0000,0000,0,0,0,0,0,0,0000,0000,0,513890,0,0,0,197824,0,0,0,0,0,0,0,0,0,0,0,0,13,31,9,0,0,9,89,73,61,0,0,85,  7.39672, 41.188, 95.622,41.08,95.47,0.08,0.00,0.00,7.40,65690.34,235266.13,43116.68,0.00,0.00,356083.78,26091.02,240071.41,187485.20,0.00,0.00,82343.34,25792.466797,146583.234375,63525.062500,0.000000,0.000000,68579.507813,  6.03040,1574,2764,2676,2996,3714,2325,2477,2763,1324,2993,1112,2325,0,0,0,0,0,0,  0.00000,  0.00000, 14.04941,101.21765,56,56,      0.000,      0.000, 0.0000000, 0.0000000, 0.0000000, 0.0000000,      0.000,      0.000,      0.000,      0.000,      0.000,      0.000,      0.000,      0.000,      0.000,      0.000,      0.000,      0.000,      0.000,      0.000,      0.000,      0.000,      0.000,      0.000,      0.000,      0.000,      0.000,      0.000,      0.000,      0.000,      0.000,      0.000,      0.000,      0.000,      0.000,      0.000,      0.000,      0.000,      0.000,  44701.922,  44442.891,  44216.176,  44042.012,  43902.523,  43806.273,  43726.648,  43535.496,  43107.867,  42864.254,  42812.461,  42955.816,  43221.465,  43614.781,  44107.410,  44716.703,  45385.004,  46165.828,  47051.516,  47995.500,  49032.195,  50155.656,  51350.676,  52632.527,  53998.098,  55430.109,  56939.961,  58513.113,  60176.574,  61882.668,  0.0000000,  0.0000000,  0.0000000,  0.0000000,  0.0000000,
18,08/05/10,15:32:31,18,e915650608056056982574555406184553523,65,915650,928,720,992,-8904,236, 0.89600003,730.281,  0.000,131,15,938,0,0,70,284,47,1686,0,0,72,00,00,00,0000,0000,0000,0,0,0,0,0,0,0000,0000,0,516455,0,0,0,200898,0,0,0,0,0,0,0,0,0,0,0,0,23,31,9,0,0,9,77,45,61,0,0,61,  7.39677, 41.181, 95.605,40.73,95.45,0.08,0.00,0.00,7.40,66857.35,234912.50,43205.75,0.00,0.00,361616.50,26587.39,241290.50,233610.39,0.00,0.00,81954.88,31106.099609,291385.000000,70090.156250,0.000000,0.000000,100622.234375,  6.03040,1537,2764,2634,2995,3695,2325,888,2761,1264,2992,1240,2326,0,0,0,0,0,0,  0.00000,  0.00000, 14.13490, 76.43281,43,45,      0.000,      0.000, 0.0000000, 0.0000000, 0.0000000, 0.0000000,      0.000,      0.000,      0.000,      0.000,      0.000,      0.000,      0.000,      0.000,      0.000,      0.000,      0.000,      0.000,      0.000,      0.000,      0.000,      0.000,      0.000,      0.000,      0.000,      0.000,      0.000,      0.000,      0.000,      0.000,      0.000,      0.000,      0.000,      0.000,      0.000,      0.000,      0.000,      0.000,      0.000,  45655.438,  45344.922,  45073.352,  44885.453,  44736.355,  44617.852,  44516.570,  44434.477,  44136.301,  44018.609,  44070.438,  44293.984,  44623.766,  45071.875,  45625.879,  46308.113,  47083.148,  47990.484,  48987.336,  50107.438,  51332.223,  52662.074,  54104.672,  55683.574,  57384.066,  59187.199,  61134.133,  63231.258,  65467.977,  67839.516,  0.0000000,  0.0000000,  0.0000000,  0.0000000,  0.0000000,
19,08/05/10,15:38:50,19,e915650608056056982574555406184553523,65,915650,944,704,1024,-8561,230, 0.89600003,730.281,  0.000,130,12,439,0,0,55,282,32,1742,0,0,75,00,00,00,0000,0000,0000,0,0,0,0,0,0,0000,0000,0,517805,0,0,0,197913,0,0,0,0,0,0,0,0,0,0,0,0,23,31,9,0,0,9,81,47,61,0,0,61,  7.39676, 41.182, 95.606,40.74,95.49,0.09,0.00,0.00,7.40,69407.75,235514.77,43134.33,0.00,0.00,356244.34,27752.34,241919.25,240473.28,0.00,0.00,81232.63,32021.882813,282044.375000,70638.953125,0.000000,0.000000,96891.203125,  6.03040,1551,2763,2637,2996,3700,2325,1155,2762,1258,2997,1225,2324,0,0,0,0,0,0,  0.00000,  0.00000, 14.21818, 82.99928,46,47,      0.000,      0.000, 0.0000000, 0.0000000, 0.0000000, 0.0000000,      0.000,      0.000,      0.000,      0.000,      0.000,      0.000,      0.000,      0.000,      0.000,      0.000,      0.000,      0.000,      0.000,      0.000,      0.000,      0.000,      0.000,      0.000,      0.000,      0.000,      0.000,      0.000,      0.000,      0.000,      0.000,      0.000,      0.000,      0.000,      0.000,      0.000,      0.000,      0.000,      0.000,  45273.375,  44985.355,  44739.535,  44552.262,  44414.844,  44287.047,  44202.324,  44114.695,  43843.105,  43711.652,  43764.695,  43985.953,  44309.715,  44771.016,  45352.113,  46031.031,  46836.965,  47760.609,  48788.020,  49935.406,  51178.148,  52573.059,  54061.301,  55686.836,  57433.398,  59309.094,  61325.035,  63505.961,  65824.141,  68307.359,  0.0000000,  0.0000000,  0.0000000,  0.0000000,  0.0000000,
Lowtask enabled
dbg > db /pat /d
Lowtask disabled

Patient Data
--------------
Total Samples: 13
1,08/05/10,10:17:15,1,,0,N/A0, 37.0,ADULT,0,0,0,  0.00000,  0.00000,  0.00000,  0.00000,15.0,33.3,,,26.7,    0,    0,    0,0.0,  0.0,    0,    0,    0,0.00,0.0,,0,,1,7.405,41.0,269.7,-----,NORESULT,-----,NORESULT,-----,-----,-1.19,-----,-----,1,1,1,0,0,0,0,0,0,0,0,0, 99.9,0,            ,OFF,LR
2,08/05/10,10:57:25,8,,0,N/A0, 37.0,ADULT,0,0,0,  0.00000,  0.00000,  0.00000,  0.00000,15.0,33.3,,,26.7,    0,    0,    0,0.0,  0.0,    0,    0,    0,0.00,0.0,,0,,8,6.839,77.5,63.4,-----,NORESULT,-----,NORESULT,-----,-----,13.52,-----,-----,1,1,1,0,0,0,0,0,0,1,0,0, 61.1,0,            ,OFF,LR
3,08/05/10,11:01:50,9,,0,N/A0, 37.0,ADULT,0,0,0,  0.00000,  0.00000,  0.00000,  0.00000,15.0,33.3,,,26.7,    0,    0,    0,0.0,  0.0,    0,    0,    0,0.00,0.0,,0,,9,6.820,84.8,65.4,-----,NORESULT,-----,NORESULT,-----,-----,15.59,-----,-----,1,1,1,0,0,0,0,0,0,1,0,0, 61.8,0,            ,OFF,LR
4,08/05/10,11:07:57,10,,0,N/A0, 37.0,ADULT,0,0,0,  0.00000,  0.00000,  0.00000,  0.00000,15.0,33.3,,,26.7,    0,    0,    0,0.0,  0.0,    0,    0,    0,0.00,0.0,,0,,10,7.906,10.5,449.2,-----,NORESULT,-----,NORESULT,-----,-----,8.56,-----,-----,3,1,1,0,0,0,0,0,0,1,0,0,NORESULT,0,            ,OFF,LR
5,08/05/10,11:16:08,11,,0,N/A0, 37.0,ADULT,0,0,0,  0.00000,  0.00000,  0.00000,  0.00000,15.0,33.3,,,26.7,    0,    0,    0,0.0,  0.0,    0,    0,    0,0.00,0.0,,0,,11,7.903,8.9,461.4,-----,NORESULT,-----,NORESULT,-----,-----,8.43,-----,-----,3,2,1,0,0,0,0,0,0,1,0,0,NORESULT,0,            ,OFF,LR
6,08/05/10,14:35:07,12,,0,N/A0, 37.0,ADULT,0,0,0,  0.00000,  0.00000,  0.00000,  0.00000,15.0,33.3,,,26.7,    0,    0,    0,0.0,  0.0,    0,    0,    0,0.00,0.0,,0,,12,7.191,76.2,49.4,-----,NORESULT,-----,NORESULT,-----,-----,4.97,14.7,72.2,1,1,1,0,0,0,0,0,0,1,1,1, 72.2,0,            ,OFF,LR
7,08/05/10,14:40:23,13,,0,N/A0, 37.0,ADULT,0,0,0,  0.00000,  0.00000,  0.00000,  0.00000,15.0,33.3,,,26.7,    0,    0,    0,0.0,  0.0,    0,    0,    0,0.00,0.0,,0,,13,7.198,77.1,48.2,-----,NORESULT,-----,NORESULT,-----,-----,5.23,14.5,71.5,1,1,1,0,0,0,0,0,0,1,1,1, 71.5,0,            ,OFF,LR
8,08/05/10,14:54:42,14,,0,N/A0, 37.0,ADULT,0,0,0,  0.00000,  0.00000,  0.00000,  0.00000,15.0,33.3,,,26.7,    0,    0,    0,0.0,  0.0,    0,    0,    0,0.00,0.0,,0,,14,7.365,40.4,100.1,-----,NORESULT,-----,NORESULT,-----,-----,5.82,13.9,97.8,1,1,1,0,0,0,0,0,0,1,1,1, 97.5,0,            ,OFF,LR
9,08/05/10,15:02:01,15,,0,N/A0, 37.0,ADULT,0,0,0,  0.00000,  0.00000,  0.00000,  0.00000,15.0,33.3,,,26.7,    0,    0,    0,0.0,  0.0,    0,    0,    0,0.00,0.0,,0,,15,7.349,39.7,99.0,-----,NORESULT,-----,NORESULT,-----,-----,6.23,13.8,98.0,1,1,1,0,0,0,0,0,0,1,1,1, 97.5,0,            ,OFF,LR
10,08/05/10,15:25:05,16,,0,N/A0, 37.0,ADULT,0,0,0,  0.00000,  0.00000,  0.00000,  0.00000,15.0,33.3,,,26.7,    0,    0,    0,0.0,  0.0,    0,    0,    0,0.00,0.0,,0,,16,7.567,14.6,403.6,-----,NORESULT,-----,NORESULT,-----,-----,5.37,13.8,100.0,1,1,1,0,0,0,0,0,0,1,1,1, 99.9,0,            ,OFF,LR
11,08/05/10,15:30:39,17,,0,N/A0, 37.0,ADULT,0,0,0,  0.00000,  0.00000,  0.00000,  0.00000,15.0,33.3,,,26.7,    0,    0,    0,0.0,  0.0,    0,    0,    0,0.00,0.0,,0,,17,7.560,12.7,400.4,-----,NORESULT,-----,NORESULT,-----,-----,5.57,13.8,100.0,1,1,1,0,0,0,0,0,0,1,1,1, 99.9,0,            ,OFF,LR
12,08/05/10,15:36:39,18,,0,N/A0, 37.0,ADULT,0,0,0,  0.00000,  0.00000,  0.00000,  0.00000,15.0,33.3,,,26.7,    0,    0,    0,0.0,  0.0,    0,    0,    0,0.00,0.0,,0,,18,7.217,72.6,53.6,-----,NORESULT,-----,NORESULT,-----,-----,4.93,14.4,76.4,1,1,1,0,0,0,0,0,0,1,1,1, 78.4,0,            ,OFF,LR
13,08/05/10,15:42:38,19,,0,N/A0, 37.0,ADULT,0,0,0,  0.00000,  0.00000,  0.00000,  0.00000,15.0,33.3,,,26.7,    0,    0,    0,0.0,  0.0,    0,    0,    0,0.00,0.0,,0,,19,7.240,65.9,59.4,-----,NORESULT,-----,NORESULT,-----,-----,5.23,14.4,83.0,1,1,1,0,0,0,0,0,0,1,1,1, 83.0,0,            ,OFF,LR
Lowtask enabled
dbg > db /qc1 /d
Lowtask disabled

QC Level 1 Data
--------------
Total Samples: 2
1,08/05/10,10:26:53,2,,2,30,7.161,67.4,74.0,-----,-----,-----,-----,-----,-----,0.50,20.0,82.1,FAIL,0
2,08/05/10,10:32:14,3,,3,30,7.161,68.3,73.6,-----,-----,-----,-----,-----,-----,0.47,20.1,82.0,FAIL,0
Lowtask enabled
dbg > db /qc2 /d
Lowtask disabled

QC Level 2 Data
--------------
Total Samples: 2
1,08/05/10,10:37:20,4,,4,30,7.433,39.4,115.1,-----,-----,-----,-----,-----,-----,1.88,13.9,90.1,FAIL,0
2,08/05/10,10:42:46,5,,5,30,7.438,40.2,116.2,-----,-----,-----,-----,-----,-----,1.82,13.9,90.4,FAIL,0
Lowtask enabled
dbg > db /qc3 /d
Lowtask disabled

QC Level 3 Data
--------------
Total Samples: 2
1,08/05/10,10:47:52,6,,6,30,7.641,21.8,159.7,-----,-----,-----,-----,-----,-----,3.68,9.0,96.8,FAIL,0
2,08/05/10,10:52:46,7,,7,30,7.642,20.8,160.0,-----,-----,-----,-----,-----,-----,3.43,9.0,97.0,FAIL,0
Lowtask enabled
dbg > db /src1 /d
Lowtask disabled

SRC 1 Data
--------------
Total Samples: 0
Lowtask enabled
dbg > db /src2 /d
Lowtask disabled

SRC 2 Data
--------------
Total Samples: 0
Lowtask enabled
dbg > db /src3 /d
Lowtask disabled

SRC 3 Data
--------------
Total Samples: 0
Lowtask enabled
dbg > ver
OPTI Medical OPTI CCA-TS - 3.00.0023 - May 12 2009 10:48:06
Optics ROM version: OPTIC2H 7/11/97
dbg > set /d
seqnum= 19
idac1= 968
idac2= 740
idac3= 1072
aspbubblerear_to=   8.00
aspend_to=   1.40
aspfrbubble_to=   2.00
aspfrfluid_to=  15.00
aspfluidion_to=   2.50
aspfrontrear_to=  15.00
aspwait_to= 600.00
blowbuf2_to=   5.60
blowbuf4_to=  12.00
cal2_to =  90.00
flow1_to=   2.30
flow2_to=   2.20
flow3_to=   3.80
flow4_to=   4.00
flowinit_to=  20.00
flowwt_to=   0.00
ionwait_to=  10.00
pump_to =   2.00
sample_to= 240.00
srcmeasure_to=  30.00
srcwarmup_to=  30.00
timedasp_to=   4.30
timedasp2_to=   5.00
timedasp3_to=   5.00
warmcal_to=  35.00
presamp_to=   0.50
suckasp1_to=   1.80
clr1blow_to=   3.50
clr1suck_to=   2.00
clr2blow_to=   3.00
Normal blood factors:
    pH :   3.869000  -0.045000   0.070000
   3.018000   0.070000   0.070000
   0.000000   1.000000   0.000000

    PCO2 :  -0.220000   1.000000   0.000000
  16.235800  -0.304500   0.024330
   5.135310   0.917290   0.000900

    PO2 :   1.400000   0.990000   0.000200
 -21.000000   0.960000   0.003000
-355.000000   3.910000  -0.003500

    Na+  :  -0.029800   1.261000  -0.800000
   0.000000   0.000000   0.000000
   0.000000   0.000000   0.000000

    K+   :  -0.000350   0.986500   0.000000
   0.000000   0.000000   0.000000
   0.000000   0.000000   0.000000

    Cl-  :  -0.001400   0.925000   1.500000
   0.000000   0.000000   0.000000
   0.000000   0.000000   0.000000

    Ca++ :   0.000315   0.705000   0.002400
   0.000000   0.000000   0.000000
   0.000000   0.000000   0.000000

    Glu  :   0.000000   1.000000   0.000000
   0.000000   0.000000   0.000000
   0.000000   0.000000   0.000000

    BUN  :   0.000022   1.028000   0.000000
   0.007000  -0.005000   1.490000
   0.000000   0.014700   0.000000

    Lac :   0.000000   0.000000   0.000000
   0.000000   0.000000   0.000000
   0.000000   0.000000   0.000000

Dry-cassette blood factors:
    pH :   0.000000   1.000000   0.000000
   0.000000   1.000000   0.000000
   0.000000   0.000000   0.000000

    PCO2 :   0.000000   1.000000   0.000000
   0.000000   1.000000   0.000000
   0.000000   1.000000   0.000000

    PO2 : -12.300000   1.048200   0.000000
 -67.099998   1.246900   0.003500
-172.399994   2.489000   0.000000

    Na+  :   0.000000   0.000000   0.000000
   0.000000   0.000000   0.000000
   0.000000   0.000000   0.000000

    K+   :   0.000000   0.000000   0.000000
   0.000000   0.000000   0.000000
   0.000000   0.000000   0.000000

    Cl-  :   0.000000   0.000000   0.000000
   0.000000   0.000000   0.000000
   0.000000   0.000000   0.000000

    Ca++ :   0.000000   0.000000   0.000000
   0.000000   0.000000   0.000000
   0.000000   0.000000   0.000000

    Glu  :   0.000000   0.000000   0.000000
   0.000000   0.000000   0.000000
   0.000000   0.000000   0.000000

    BUN  :   0.000000   0.000000   0.000000
   0.000000   0.000000   0.000000
   0.000000   0.000000   0.000000

    Lac :   0.000000   1.000000   0.000000
  14.000000  11.100000  -1.200000
   0.000000   0.000000   0.000000

breakptp1=   7.400000
breakpto1=  95.000000
breakpto2= 215.000000
breakpt_1_lac_oxy= 100.000000
breakpt_2_lac_oxy= 215.000000
breakptc1=  20.299999
breakptc2=  40.400002
bufa=  -4.261890
bufb=   3.147540
bufc=  -0.318063
baro_factor=   0.000
pp_rate0=    0pp_rate1=  600
pp_rate2=  300pp_rate3=  600
pp_rate4=  600pp_rate5=  400
pp_rate6=  100pp_rate7=   75
pp_rate8=   50pp_rate9=  100
pp_rate10=  600pp_rate11=   50
pp_rate12=  300pp_rate13=    4
pp_rate14=  150pp_rate15=  600
pp_rate16=   75pp_rate17=  750
pp_rate18=   40pp_rate19=   80
pp_rate20=  100pp_rate21=   60
pp_rate22=  400pp_rate23=  200
pp_rate24=  100pp_rate25=  100
pp_rate26=  200pp_rate27=  300
pp_rate28=  100pp_rate29=  200
pp_rate30=  200pp_rate31=  400
pp_rate32=  600pp_rate33=  400
lg_sample0=    2lg_sample1=    5
lg_sample2=    7lg_sample3=    5
lg_sample4=    2lg_sample5=    2
lg_sample6=    2lg_sample7=    5
lg_sample8=    2lg_sample9=    5
lg_sample10=    3
ffalse[0]= 228ffalse[1]= 1158
ffalse[2]= 401ffalse[3]= 3579
ffalse[4]= 2903ffalse[5]= 3028
epr[pH]= 0.550epr[PCO2]= 0.600epr[PO2]= 0.650
epr[Na+ ]= 0.550epr[K+  ]= 0.500epr[Cl- ]= 0.500
epr[Ca++]= 0.500epr[Glu ]= 0.500epr[BUN ]= 0.500
epr[Lac]= 0.500
epf[pH]= 0.550epf[PCO2]= 0.600epf[PO2]= 0.650
epf[Na+ ]= 0.550epf[K+  ]= 0.500epf[Cl- ]= 0.500
epf[Ca++]= 0.500epf[Glu ]= 0.500epf[BUN ]= 0.500
epf[Lac]= 0.500
vol_i=  0.00000
pump_k=  0.00000
airfo1=  0.00000
senfc1=  0.00000
senfc2=  1.00000
thresho2cal= 700.0
o2diff=  0.10000
max_repeat= 0
optic_delay=   2.00
home_offset= 300
clearmode= 2
phr corr= 160
pcr corr= 75
SRC Lot: 000000 8/5/109,7.080,7.120,7.100,0.400,0.150,68.000,72.000,70.000,0.400,0.150,57.000,63.000,60.000,0.400,0.150,123.000,127.000,125.000,0.400,0.200,2.200,2.800,2.500,0.400,0.200,78.000,82.000,80.000,0.400,0.200,1.700,1.900,1.800,0.400,0.200,36.000,44.000,40.000,0.400,0.200,1.500,2.500,2.000,0.400,0.200,0.700,1.300,1.000,0.400,0.200,18.500,21.500,20.000,0.000,0.800,68.000,72.000,70.000,0.000,0.800,
SRC Lot: 000000 8/5/109,7.380,7.420,7.400,0.400,0.150,38.000,42.000,40.000,0.400,0.150,97.000,103.000,100.000,0.400,0.150,143.000,147.000,145.000,0.400,0.200,4.200,4.800,4.500,0.400,0.200,103.000,107.000,105.000,0.400,0.200,1.000,1.200,1.100,0.400,0.200,106.000,114.000,110.000,0.400,0.200,9.500,10.500,10.000,0.400,0.200,2.200,2.800,2.500,0.400,0.200,12.500,15.500,14.000,0.000,0.800,88.000,92.000,90.000,0.000,0.800,
SRC Lot: 000000 8/5/109,7.580,7.620,7.600,0.400,0.150,18.000,22.000,20.000,0.400,0.150,167.000,173.000,170.000,0.400,0.150,163.000,167.000,165.000,0.400,0.200,6.700,7.300,7.000,0.400,0.200,128.000,132.000,130.000,0.400,0.200,0.600,0.800,0.700,0.400,0.200,296.000,304.000,300.000,0.400,0.200,24.500,25.500,25.000,0.400,0.200,9.700,10.300,10.000,0.400,0.200,6.500,9.500,8.000,0.000,0.800,96.000,100.000,98.000,0.000,0.800,
ion_na=   0.150000
ion_k=   0.005200
calna_a=   2.308000
calna_d=   0.107000
ion_cl=   0.108100
cl_a=  -2.441000
cl_b=  -0.733000
dbg > eeprom /dna_display
EEPROM DNA FingerPrint:
idac1=968
idac2=740
idac3=1072
serialnum=1718
false[1] = 228
false[2] = 1158
false[3] = 401
false[4] = 3579
false[5] = 2903
false[6] = 3028
lower limit=467
upper limit=3665
lower factor=500.000
upper factor=  0.800
home_offset=300
phr corr= 160
pcr corr= 75
gas 0psi= 418
gas 140psi= 3616
dbg > setion all
calna_a =   2.308000 calna_d =   0.107000
calca_a =   0.000000 calca_d =   0.000001 cl_a     =  -2.441000 cl_b     =  -0.733000 kf_a     =   0.258800
calgl_a = -695.000000 calgl_b =  60.000000 calgl_c =   0.060000 calgl_d =  50.000000
calnh4_a =   0.141700 calnh4_b =   0.017600 calnh4_c =   0.000000 calnh4_d =  -1.000000 calnh4_e =  -4.089000 calnh4_f = -37.367001
ion_na  =   0.150000
ion_k   =   0.005200 ion_cl  =   0.108100 ion_ca  =   0.001235
ion_k_d =   0.002200 ion_cl_d =   0.108100 ion_ca_d =   0.001750
actcoef_c =   0.337300
dbg > laserparam
WQC_SETTLE=0.1000
WQC_NUM   =75
SAM_SETTLE=0.1000
SAM_NUM   =75
K1        =3.0792F1          =1.0000
K2        =2.5612F2          =1.0000
K3        =0.7179F3          =1.0000
K4        =-9.4990F4          =0.0000
K5        =16.8730F5          =0.0000
K6        =6.7343F6          =7.5000
K7        =14.1790F7          =51.2000
K8        =120.5000F8          =10.5000
K9        =0.1644F9          =48.0000
K10       =0.1428F10         =14.8000
K11       =0.0040F11         =2.0000
K12       =1.4519F12         =54.4000
dbg > sensors /table
Sensors Table
pH:5.690000 0.008000 0.000000 0.000000 0.000012 1.000000 0.000000 0.005000
PCO2:6.860000 0.008000 0.000000 0.000000 0.000030 0.200000 0.300000 0.700000
PO2:0.770000 0.003000 0.000000 0.000000 0.000400 0.200000 0.000000 0.700000
Na+ :-1.480000 0.015000 0.020000 0.008000 0.000600 0.200000 0.000000 0.000500
K+  :0.019000 0.002000 0.200000 0.030000 -0.000800 0.200000 -0.000100 0.000100
Cl- :4.550000 0.100000 0.000000 0.000000 0.001500 0.200000 0.001200 0.001000
Ca++:0.460000 0.020000 0.000420 0.000040 -0.000300 0.200000 0.000000 0.000025
Glu :0.525000 0.100000 -0.174000 0.008000 0.000800 0.200000 -0.042500 0.009000
BUN :0.534800 0.020000 3.811000 0.300000 -0.000490 0.400000 0.000479 0.000100
Lac:0.000000 0.000000 0.000000 0.000000 0.000000 0.000000 0.000000 0.000000
tHb :1.000000 0.020000 0.000000 0.000000 0.000000 0.000000 0.000000 0.000000
SO2 :1.000000 0.020000 0.000000 0.000000 0.000000 0.000000 0.000000 0.000000
B_Lac Sensors Table
pH:0.000000 0.000000 0.000000 0.000050 0.000000 0.000000
PCO2:300.000000 4.000000 0.000000 0.000100 1.050000 0.002000
PO2:0.800000 0.003000 0.000000 0.000100 0.000000 0.000000
Na+ :0.000000 0.000000 0.000000 0.000000 0.000000 0.000000
K+  :0.000000 0.000000 0.000000 0.000000 0.000000 0.000000
Cl- :0.000000 0.000000 0.000000 0.000000 0.000000 0.000000
Ca++:0.000000 0.000000 0.000000 0.000000 0.000000 0.000000
Glu :0.000000 0.000000 0.000000 0.000000 0.000000 0.000000
BUN :0.000000 0.000000 0.000000 0.000000 0.000000 0.000000
Lac:400.000000 2.000000 0.000000 0.000100 0.000000 0.000000
tHb :1.000000 0.020000 0.000000 0.000000 0.000000 0.000000
SO2 :1.000000 0.020000 0.000000 0.000000 0.000000 0.000000
dbg > 