
dbg > set sn  2557
dbg > db /raw /d
Lowtask disabled

Raw Data
--------------
Total Samples: 19
1,08/05/10,10:13:35,1,e915650608056056982574555406184553523,65,915650,912,880,1120,-28154,-28622, 0.89600003,733.089,  0.000,48,1,210,0,0,5,285,49,39,0,0,59,00,00,00,0000,0000,0000,0,0,0,0,0,0,0000,0000,0,539827,0,0,0,254113,0,0,0,0,0,0,0,0,0,0,0,0,19,31,9,0,0,9,81,63,61,0,0,61,  7.39542, 41.381, 95.998,41.22,96.01,0.09,0.00,0.00,7.40,103701.58,255202.48,53485.56,0.00,0.00,457403.53,42524.87,251703.11,54976.32,0.00,0.00,100764.63,46287.441406,179615.265625,51008.132812,0.000000,0.000000,106649.210938,  6.03488,1773,3341,790,782,3584,3000,952,3341,414,793,2170,3010,0,0,0,0,0,0,  0.00000,  0.00000,  0.00000,  0.00000,1944,1941,      0.000,      0.000, 0.0000000, 0.0000000, 0.0000000, 0.0000000,      0.000,      0.000,      0.000,      0.000,      0.000,      0.000,      0.000,      0.000,      0.000,      0.000,      0.000,      0.000,      0.000,      0.000,      0.000,      0.000,      0.000,      0.000,      0.000,      0.000,      0.000,      0.000,      0.000,      0.000,      0.000,      0.000,      0.000,      0.000,      0.000,      0.000,      0.000,      0.000,      0.000,  55848.160,  55403.137,  55056.645,  54780.367,  54569.656,  54400.328,  54244.906,  53830.129,  53260.395,  52817.594,  52466.336,  52173.156,  51940.184,  51743.711,  51569.992,  51406.836,  51286.754,  51165.195,  51088.891,  50992.164,  50937.730,  50898.738,  50857.762,  50833.789,  50828.961,  50853.449,  50868.074,  50898.488,  50940.512,  50966.527,  0.0000000,  0.0000000,  0.0000000,  0.0000000,  0.0000000,
2,08/05/10,10:23:30,2,e915650608056056982574555406184553523,65,915650,912,896,1120,-27594,464, 0.89600003,733.089,  0.000,117,0,159,0,0,131,279,52,758,0,0,50,00,00,00,0000,0000,0000,0,0,0,0,0,0,0000,0000,0,539560,0,0,0,252871,0,0,0,0,0,0,0,0,0,0,0,0,21,29,9,0,0,9,71,41,61,0,0,61,  7.39543, 41.380, 95.994,40.98,95.99,0.07,0.00,0.00,7.40,105985.88,256806.33,54166.86,0.00,0.00,455169.44,43942.71,251582.94,96289.96,0.00,0.00,117618.29,50842.625000,270915.250000,71275.796875,0.000000,0.000000,135956.234375,  6.03488,1799,3353,854,798,3599,3002,1161,3323,492,816,2298,3008,0,0,0,0,0,0,  0.00000,  0.00000,  8.36913, 61.99029,0,0,      0.000,      0.000, 0.0000000, 0.0000000, 0.0000000, 0.0000000,      0.000,      0.000,      0.000,      0.000,      0.000,      0.000,      0.000,      0.000,      0.000,      0.000,      0.000,      0.000,      0.000,      0.000,      0.000,      0.000,      0.000,      0.000,      0.000,      0.000,      0.000,      0.000,      0.000,      0.000,      0.000,      0.000,      0.000,      0.000,      0.000,      0.000,      0.000,      0.000,      0.000,  55572.047,  55346.328,  55151.008,  54905.953,  54440.707,  54169.063,  54094.008,  54195.375,  54376.496,  54648.086,  55007.367,  55419.270,  55904.625,  56428.855,  56997.730,  57632.098,  58287.250,  58995.254,  59745.207,  60544.078,  61352.121,  62218.258,  63114.145,  64045.031,  65004.633,  65998.109,  67018.750,  68062.367,  69110.891,  70218.414,  0.0000000,  0.0000000,  0.0000000,  0.0000000,  0.0000000,
3,08/05/10,10:28:25,3,e915650608056056982574555406184553523,65,915650,912,912,1104,-27293,181, 0.89600003,733.211,  0.000,126,0,180,0,0,133,282,47,724,0,0,52,00,00,00,0000,0000,0000,0,0,0,0,0,0,0000,0000,0,541715,0,0,0,251722,0,0,0,0,0,0,0,0,0,0,0,0,21,29,9,0,0,9,71,45,61,0,0,61,  7.39537, 41.388, 96.015,40.96,96.02,0.09,0.00,0.00,7.40,108442.22,262774.75,53761.30,0.00,0.00,453099.63,44005.03,252561.30,93135.22,0.00,0.00,117241.27,51035.781250,267900.125000,69455.226563,0.000000,0.000000,135070.484375,  6.03488,1768,3324,952,849,3596,2999,1147,3295,540,882,2287,3003,0,0,0,0,0,0,  0.00000,  0.00000,  8.25900, 61.33071,0,0,      0.000,      0.000, 0.0000000, 0.0000000, 0.0000000, 0.0000000,      0.000,      0.000,      0.000,      0.000,      0.000,      0.000,      0.000,      0.000,      0.000,      0.000,      0.000,      0.000,      0.000,      0.000,      0.000,      0.000,      0.000,      0.000,      0.000,      0.000,      0.000,      0.000,      0.000,      0.000,      0.000,      0.000,      0.000,      0.000,      0.000,      0.000,      0.000,      0.000,      0.000,  55205.063,  54970.164,  54775.129,  54533.770,  54047.730,  53743.297,  53656.246,  53681.160,  53845.660,  54069.148,  54410.258,  54776.844,  55205.406,  55691.195,  56212.754,  56783.199,  57406.180,  58052.324,  58742.176,  59468.613,  60224.176,  61034.309,  61864.961,  62725.371,  63626.883,  64541.766,  65490.820,  66454.687,  67453.156,  68465.828,  0.0000000,  0.0000000,  0.0000000,  0.0000000,  0.0000000,
4,08/05/10,10:33:58,4,e915650608056056982574555406184553523,65,915650,928,912,1088,-26961,203, 0.89600003,733.333,  0.000,98,9,906,0,0,19,277,48,1515,0,0,58,00,00,00,0000,0000,0000,0,0,0,0,0,0,0000,0000,0,550061,0,0,0,248972,0,0,0,0,0,0,0,0,0,0,0,0,19,31,9,0,0,9,77,55,61,0,0,61,  7.39532, 41.396, 96.032,41.06,95.94,0.09,0.00,0.00,7.40,107286.22,265523.13,53113.72,0.00,0.00,448150.34,40702.94,256429.83,272018.59,0.00,0.00,95132.63,44267.257812,238770.000000,86599.234375,0.000000,0.000000,100762.625000,  6.03488,1827,3358,1018,892,3553,2999,2394,3356,833,1062,2993,3005,0,0,0,0,0,0,  0.00000,  0.00000,  5.17707, 77.73441,0,0,      0.000,      0.000, 0.0000000, 0.0000000, 0.0000000, 0.0000000,      0.000,      0.000,      0.000,      0.000,      0.000,      0.000,      0.000,      0.000,      0.000,      0.000,      0.000,      0.000,      0.000,      0.000,      0.000,      0.000,      0.000,      0.000,      0.000,      0.000,      0.000,      0.000,      0.000,      0.000,      0.000,      0.000,      0.000,      0.000,      0.000,      0.000,      0.000,      0.000,      0.000,  54563.730,  54319.195,  54111.516,  53892.148,  53417.871,  53118.191,  53058.973,  53207.445,  53494.617,  53915.152,  54471.191,  55100.012,  55851.109,  56698.422,  57654.172,  58672.148,  59794.883,  61007.355,  62321.703,  63727.715,  65226.859,  66837.742,  68555.664,  70377.453,  72326.414,  74395.648,  76618.297,  78948.070,  81447.117,  84100.555,  0.0000000,  0.0000000,  0.0000000,  0.0000000,  0.0000000,
5,08/05/10,10:39:00,5,e915650608056056982574555406184553523,65,915650,912,912,1088,-26648,182, 0.89600003,733.333,  0.000,103,10,825,0,0,12,284,53,1586,0,0,56,00,00,00,0000,0000,0000,0,0,0,0,0,0,0000,0000,0,537804,0,0,0,246066,0,0,0,0,0,0,0,0,0,0,0,0,19,29,9,0,0,9,79,53,61,0,0,61,  7.39532, 41.396, 96.032,41.04,95.93,0.08,0.00,0.00,7.40,110811.16,260287.97,53529.55,0.00,0.00,442920.41,42796.14,250716.06,294967.16,0.00,0.00,93619.59,46547.980469,232907.515625,90025.710938,0.000000,0.000000,99086.609375,  6.03488,1840,3361,1387,1305,3578,3000,2386,3329,1014,1313,3012,3006,0,0,0,0,0,0,  0.00000,  0.00000,  5.28902, 78.34634,0,0,      0.000,      0.000, 0.0000000, 0.0000000, 0.0000000, 0.0000000,      0.000,      0.000,      0.000,      0.000,      0.000,      0.000,      0.000,      0.000,      0.000,      0.000,      0.000,      0.000,      0.000,      0.000,      0.000,      0.000,      0.000,      0.000,      0.000,      0.000,      0.000,      0.000,      0.000,      0.000,      0.000,      0.000,      0.000,      0.000,      0.000,      0.000,      0.000,      0.000,      0.000,  55143.766,  54890.309,  54689.059,  54475.723,  54010.457,  53713.469,  53680.535,  53858.992,  54190.891,  54658.402,  55260.465,  55967.168,  56759.996,  57687.754,  58689.738,  59783.125,  61013.676,  62314.082,  63720.586,  65233.461,  66862.047,  68602.078,  70461.937,  72424.281,  74518.672,  76765.227,  79181.328,  81701.609,  84422.094,  87311.328,  0.0000000,  0.0000000,  0.0000000,  0.0000000,  0.0000000,
6,08/05/10,10:44:16,6,e915650608056056982574555406184553523,65,915650,912,896,1104,-26321,189, 0.89600003,733.455,  0.000,60,2,10,0,0,202,283,50,3289,0,0,51,00,00,00,0000,0000,0000,0,0,0,0,0,0,0000,0000,0,547685,0,0,0,249399,0,0,0,0,0,0,0,0,0,0,0,0,17,29,9,0,0,9,83,51,61,0,0,61,  7.39527, 41.403, 96.049,41.20,96.07,0.09,0.00,0.00,7.40,109384.55,264920.88,53832.36,0.00,0.00,448919.34,42710.78,255300.00,313463.97,0.00,0.00,87448.41,43703.957031,215819.484375,138133.500000,0.000000,0.000000,80907.390625,  6.03488,1779,3349,1351,1316,3580,2997,3427,3320,1290,1309,3875,3002,0,0,0,0,0,0,  0.00000,  0.00000,  1.84902, 87.31225,0,0,      0.000,      0.000, 0.0000000, 0.0000000, 0.0000000, 0.0000000,      0.000,      0.000,      0.000,      0.000,      0.000,      0.000,      0.000,      0.000,      0.000,      0.000,      0.000,      0.000,      0.000,      0.000,      0.000,      0.000,      0.000,      0.000,      0.000,      0.000,      0.000,      0.000,      0.000,      0.000,      0.000,      0.000,      0.000,      0.000,      0.000,      0.000,      0.000,      0.000,      0.000,  55178.160,  54946.438,  54749.953,  54511.652,  54065.570,  53881.570,  53981.012,  54291.727,  54778.102,  55449.625,  56309.371,  57337.172,  58559.297,  59958.270,  61557.516,  63354.285,  65382.477,  67636.656,  70161.500,  72983.195,  76136.586,  79658.953,  83623.297,  88052.078,  93081.680,  98726.133, 105162.414, 112406.500, 120622.445, 129871.336,  0.0000000,  0.0000000,  0.0000000,  0.0000000,  0.0000000,
7,08/05/10,10:49:20,7,e915650608056056982574555406184553523,65,915650,960,912,1104,-26057,167, 0.89600003,733.455,  0.000,49,1,29,0,0,194,280,47,3416,0,0,50,00,00,00,0000,0000,0000,0,0,0,0,0,0,0000,0000,0,546211,0,0,0,249557,0,0,0,0,0,0,0,0,0,0,0,0,17,29,9,0,0,9,75,51,61,0,0,61,  7.39527, 41.403, 96.049,41.23,96.06,0.09,0.00,0.00,7.40,102055.16,263292.63,54013.29,0.00,0.00,449202.69,42117.39,254612.92,313011.88,0.00,0.00,87624.94,42696.191406,215000.453125,142576.203125,0.000000,0.000000,80763.921875,  6.03488,1773,3357,1361,1326,3576,2998,3431,3327,1310,1329,3859,3002,0,0,0,0,0,0,  0.00000,  0.00000,  1.86701, 87.30018,0,0,      0.000,      0.000, 0.0000000, 0.0000000, 0.0000000, 0.0000000,      0.000,      0.000,      0.000,      0.000,      0.000,      0.000,      0.000,      0.000,      0.000,      0.000,      0.000,      0.000,      0.000,      0.000,      0.000,      0.000,      0.000,      0.000,      0.000,      0.000,      0.000,      0.000,      0.000,      0.000,      0.000,      0.000,      0.000,      0.000,      0.000,      0.000,      0.000,      0.000,      0.000,  55419.566,  55160.301,  54957.973,  54720.586,  54257.086,  54048.320,  54131.031,  54453.813,  54952.113,  55628.617,  56509.016,  57558.840,  58808.445,  60243.672,  61884.879,  63744.488,  65857.469,  68170.727,  70796.664,  73704.352,  76983.945,  80660.078,  84754.680,  89354.070,  94604.258, 100558.133, 107318.984, 115067.539, 123830.687, 133759.391,  0.0000000,  0.0000000,  0.0000000,  0.0000000,  0.0000000,
8,08/05/10,10:54:08,8,e915650608056056982574555406184553523,65,915650,928,912,1104,-25805,151, 0.89600003,733.578,  0.000,123,3,9,0,0,216,278,41,2570,0,0,47,00,00,00,0000,0000,0000,0,0,0,0,0,0,0000,0000,0,550511,0,0,0,248671,0,0,0,0,0,0,0,0,0,0,0,0,23,31,9,0,0,9,75,37,61,0,0,61,  7.39522, 41.411, 96.066,40.99,96.10,0.09,0.00,0.00,7.40,110216.20,250495.58,53653.32,0.00,0.00,447608.00,43750.96,256595.09,313284.19,0.00,0.00,145932.19,52374.484375,291274.281250,255861.109375,0.000000,0.000000,176973.593750,  6.03488,1766,3331,1369,1343,3586,2995,931,3333,709,1356,2146,3005,0,0,0,0,0,0,  0.00000,  0.00000,  0.00000,  0.00000,1923,1927,      0.000,      0.000, 0.0000000, 0.0000000, 0.0000000, 0.0000000,      0.000,      0.000,      0.000,      0.000,      0.000,      0.000,      0.000,      0.000,      0.000,      0.000,      0.000,      0.000,      0.000,      0.000,      0.000,      0.000,      0.000,      0.000,      0.000,      0.000,      0.000,      0.000,      0.000,      0.000,      0.000,      0.000,      0.000,      0.000,      0.000,      0.000,      0.000,      0.000,      0.000,  56188.965,  55703.855,  55298.539,  54985.793,  54741.477,  54549.699,  54373.648,  54066.438,  53972.383,  54219.250,  54875.711,  56061.449,  57926.445,  60604.723,  64255.664,  69048.891,  75179.883,  82735.016,  91664.984, 102038.078, 113701.031, 126582.352, 140590.766, 155159.516, 170294.891, 185668.500, 200832.266, 215434.922, 229371.391, 242239.734,  0.0000000,  0.0000000,  0.0000000,  0.0000000,  0.0000000,
9,08/05/10,10:58:41,9,e915650608056056982574555406184553523,65,915650,960,912,1120,-25516,151, 0.89600003,733.578,  0.000,114,6,3,0,0,157,282,43,2755,0,0,45,00,00,00,0000,0000,0000,0,0,0,0,0,0,0000,0000,0,547041,0,0,0,247329,0,0,0,0,0,0,0,0,0,0,0,0,23,31,9,0,0,9,79,39,61,0,0,61,  7.39522, 41.411, 96.066,41.02,96.13,0.09,0.00,0.00,7.40,112347.30,248190.08,53908.50,0.00,0.00,445193.97,44260.30,254977.64,314882.63,0.00,0.00,144818.02,52744.011719,287135.937500,249071.843750,0.000000,0.000000,174095.765625,  6.03488,1773,3313,1379,1368,3594,2996,948,3316,723,1377,2183,3005,0,0,0,0,0,0,  0.00000,  0.00000,  0.00000,  0.00000,2048,2061,      0.000,      0.000, 0.0000000, 0.0000000, 0.0000000, 0.0000000,      0.000,      0.000,      0.000,      0.000,      0.000,      0.000,      0.000,      0.000,      0.000,      0.000,      0.000,      0.000,      0.000,      0.000,      0.000,      0.000,      0.000,      0.000,      0.000,      0.000,      0.000,      0.000,      0.000,      0.000,      0.000,      0.000,      0.000,      0.000,      0.000,      0.000,      0.000,      0.000,      0.000,  56438.777,  55954.910,  55549.180,  55231.785,  54994.488,  54798.695,  54630.156,  54370.813,  54188.785,  54339.711,  54874.258,  55889.938,  57519.594,  59900.414,  63154.461,  67450.266,  72958.734,  79838.312,  88043.359,  97562.961, 108394.977, 120496.031, 133639.969, 147705.781, 162383.969, 177380.672, 192595.562, 207404.562, 221636.344, 235079.391,  0.0000000,  0.0000000,  0.0000000,  0.0000000,  0.0000000,
10,08/05/10,11:04:16,10,e915650608056056982574555406184553523,65,915650,912,928,1120,-25107,221, 0.89600003,733.578,  0.000,20,1,2,0,0,457,285,39,4035,0,0,73,00,00,00,0000,0000,0000,0,0,0,0,0,0,0000,0000,0,540365,0,0,0,239965,0,0,0,0,0,0,0,0,0,0,0,0,13,31,9,0,0,9,95,55,61,0,0,61,  7.39522, 41.411, 96.066,41.34,96.05,0.07,0.00,0.00,7.40,106524.79,246383.28,53130.27,0.00,0.00,431938.00,41786.36,251865.84,310554.84,0.00,0.00,73070.16,40634.117187,143472.171875,201226.328125,0.000000,0.000000,58638.359375,  6.03488,1759,3304,1390,1392,3586,2994,942,3307,723,1393,2166,3003,0,0,0,0,0,0,  0.00000,  0.00000,  0.00000,  0.00000,1968,1968,      0.000,      0.000, 0.0000000, 0.0000000, 0.0000000, 0.0000000,      0.000,      0.000,      0.000,      0.000,      0.000,      0.000,      0.000,      0.000,      0.000,      0.000,      0.000,      0.000,      0.000,      0.000,      0.000,      0.000,      0.000,      0.000,      0.000,      0.000,      0.000,      0.000,      0.000,      0.000,      0.000,      0.000,      0.000,      0.000,      0.000,      0.000,      0.000,      0.000,      0.000,  55568.410,  55078.332,  54695.934,  54408.047,  54162.965,  53969.324,  53799.379,  53386.566,  53000.602,  53001.770,  53299.027,  53871.535,  54729.637,  55946.043,  57517.227,  59514.758,  61990.484,  65009.410,  68657.672,  73099.703,  78492.578,  85016.914,  92800.977, 102095.062, 113028.469, 125531.227, 139504.578, 154548.375, 170220.672, 186277.453,  0.0000000,  0.0000000,  0.0000000,  0.0000000,  0.0000000,
11,08/05/10,11:12:41,11,e915650608056056982574555406184553523,65,915650,896,960,1072,-24624,351, 0.89600003,733.700,  0.000,27,7,8,0,0,468,286,32,4101,0,0,83,00,00,00,0000,0000,0000,0,0,0,0,0,0,0000,0000,0,544135,0,0,0,251629,0,0,0,0,0,0,0,0,0,0,0,0,13,31,9,0,0,9,95,57,61,0,0,61,  7.39517, 41.418, 96.083,41.32,96.01,0.10,0.00,0.00,7.40,110153.37,258973.25,53771.74,0.00,0.00,452932.47,42186.66,253600.80,314296.81,0.00,0.00,76562.84,41228.433594,145982.015625,191994.171875,0.000000,0.000000,61529.265625,  6.03488,1798,3332,1412,1404,3586,2997,961,3334,745,1412,2182,3007,0,0,0,0,0,0,  0.00000,  0.00000,  0.00000,  0.00000,1926,1927,      0.000,      0.000, 0.0000000, 0.0000000, 0.0000000, 0.0000000,      0.000,      0.000,      0.000,      0.000,      0.000,      0.000,      0.000,      0.000,      0.000,      0.000,      0.000,      0.000,      0.000,      0.000,      0.000,      0.000,      0.000,      0.000,      0.000,      0.000,      0.000,      0.000,      0.000,      0.000,      0.000,      0.000,      0.000,      0.000,      0.000,      0.000,      0.000,      0.000,      0.000,  56287.969,  55801.027,  55414.648,  55109.953,  54860.492,  54665.633,  54498.898,  54196.832,  53740.512,  53658.363,  53867.137,  54341.953,  55100.359,  56182.395,  57598.977,  59402.227,  61657.855,  64424.238,  67751.906,  71788.641,  76706.922,  82623.578,  89709.070,  98177.008, 108188.539, 119709.859, 132723.297, 146901.156, 162044.094, 177580.953,  0.0000000,  0.0000000,  0.0000000,  0.0000000,  0.0000000,
12,08/05/10,14:31:35,12,e915650608056056982574555406184553523,65,915650,912,976,1088,-12720,11808, 0.89600003,732.479,  0.000,114,17,1418,0,0,43,287,38,1662,0,0,57,00,00,00,0000,0000,0000,0,0,0,0,0,0,0000,0000,0,546414,0,0,0,249575,0,0,0,0,0,0,0,0,0,0,0,0,21,29,9,0,0,9,75,45,61,0,0,61,  7.39568, 41.343, 95.909,40.95,95.73,0.09,0.00,0.00,7.40,106123.52,245063.50,53484.71,0.00,0.00,449236.44,40292.96,254890.44,280117.69,0.00,0.00,102405.29,48131.074219,316625.156250,84400.484375,0.000000,0.000000,130827.023438,  6.03488,1791,3338,1419,1434,3544,3000,903,3338,554,1439,1237,3009,0,0,0,0,0,0,  0.00000,  0.00000, 13.89274, 75.10976,46,63,      0.000,      0.000, 0.0000000, 0.0000000, 0.0000000, 0.0000000,      0.000,      0.000,      0.000,      0.000,      0.000,      0.000,      0.000,      0.000,      0.000,      0.000,      0.000,      0.000,      0.000,      0.000,      0.000,      0.000,      0.000,      0.000,      0.000,      0.000,      0.000,      0.000,      0.000,      0.000,      0.000,      0.000,      0.000,      0.000,      0.000,      0.000,      0.000,      0.000,      0.000,  55160.098,  54816.570,  54530.875,  54308.949,  54143.805,  54021.977,  53904.363,  53759.305,  53409.359,  53247.297,  53332.090,  53597.168,  54001.762,  54556.121,  55226.977,  56041.141,  57002.141,  58081.477,  59287.477,  60633.480,  62089.703,  63701.453,  65433.219,  67301.984,  69305.539,  71458.086,  73781.258,  76254.852,  78904.586,  81740.539,  0.0000000,  0.0000000,  0.0000000,  0.0000000,  0.0000000,
13,08/05/10,14:36:57,13,e915650608056056982574555406184553523,65,915650,896,992,1088,-12357,219, 0.89600003,732.601,  0.000,125,12,591,0,0,74,272,41,1839,0,0,50,00,00,00,0000,0000,0000,0,0,0,0,0,0,0000,0000,0,535307,0,0,0,243358,0,0,0,0,0,0,0,0,0,0,0,0,23,31,9,0,0,9,75,41,61,0,0,61,  7.39562, 41.352, 95.929,40.93,95.81,0.09,0.00,0.00,7.40,102828.52,245650.38,53464.00,0.00,0.00,438044.38,40716.96,249682.89,303293.16,0.00,0.00,99700.75,48215.046875,311013.125000,90277.804688,0.000000,0.000000,126094.054688,  6.03488,1780,3346,1424,1446,3572,3001,903,3343,559,1468,1241,3010,0,0,0,0,0,0,  0.00000,  0.00000, 13.97007, 75.28600,66,67,      0.000,      0.000, 0.0000000, 0.0000000, 0.0000000, 0.0000000,      0.000,      0.000,      0.000,      0.000,      0.000,      0.000,      0.000,      0.000,      0.000,      0.000,      0.000,      0.000,      0.000,      0.000,      0.000,      0.000,      0.000,      0.000,      0.000,      0.000,      0.000,      0.000,      0.000,      0.000,      0.000,      0.000,      0.000,      0.000,      0.000,      0.000,      0.000,      0.000,      0.000,  55225.777,  54925.004,  54653.285,  54464.082,  54309.590,  54207.328,  54102.027,  53834.543,  53538.832,  53538.059,  53717.840,  54094.594,  54632.695,  55310.211,  56131.637,  57102.531,  58213.008,  59469.875,  60884.332,  62422.934,  64137.012,  65981.539,  67976.648,  70140.508,  72498.352,  75018.750,  77730.125,  80670.773,  83793.727,  87119.836,  0.0000000,  0.0000000,  0.0000000,  0.0000000,  0.0000000,
14,08/05/10,14:50:23,14,e915650608056056982574555406184553523,65,915650,912,976,1088,-11450,710, 0.89600003,732.601,  0.000,85,0,76,0,0,92,282,53,1897,0,0,137,00,00,00,0000,0000,0000,0,0,0,0,0,0,0000,0000,0,528595,0,0,0,247705,0,0,0,0,0,0,0,0,0,0,0,0,19,31,9,0,0,9,91,49,61,0,0,61,  7.39562, 41.352, 95.929,41.06,95.94,0.09,0.00,0.00,7.40,111544.33,247518.48,53549.86,0.00,0.00,445870.44,43996.07,246552.06,309317.13,0.00,0.00,101335.85,47939.316406,237119.656250,91961.468750,0.000000,0.000000,106895.703125,  6.03488,1779,3356,1412,1474,3564,2999,2637,3355,594,1480,1120,3007,0,0,0,0,0,0,  0.00000,  0.00000, 13.84379,100.74991,82,80,      0.000,      0.000, 0.0000000, 0.0000000, 0.0000000, 0.0000000,      0.000,      0.000,      0.000,      0.000,      0.000,      0.000,      0.000,      0.000,      0.000,      0.000,      0.000,      0.000,      0.000,      0.000,      0.000,      0.000,      0.000,      0.000,      0.000,      0.000,      0.000,      0.000,      0.000,      0.000,      0.000,      0.000,      0.000,      0.000,      0.000,      0.000,      0.000,      0.000,      0.000,  55819.270,  55453.109,  55159.027,  54937.180,  54786.352,  54643.828,  54544.602,  54297.074,  53908.039,  53837.777,  54007.734,  54346.547,  54858.047,  55524.672,  56336.512,  57316.125,  58454.703,  59729.340,  61169.832,  62790.141,  64543.348,  66474.367,  68563.781,  70818.398,  73277.953,  75935.078,  78789.898,  81859.117,  85145.523,  88650.422,  0.0000000,  0.0000000,  0.0000000,  0.0000000,  0.0000000,
15,08/05/10,14:57:37,15,e915650608056056982574555406184553523,65,915650,896,896,1120,-11011,300, 0.89600003,732.357,  0.000,84,0,73,0,0,78,276,42,1977,0,0,131,00,00,00,0000,0000,0000,0,0,0,0,0,0,0000,0000,0,539767,0,0,0,245423,0,0,0,0,0,0,0,0,0,0,0,0,19,31,9,0,0,9,89,51,61,0,0,61,  7.39572, 41.336, 95.893,41.05,95.90,0.10,0.00,0.00,7.40,109387.95,248286.56,53043.29,0.00,0.00,441762.31,43392.86,251809.39,306126.59,0.00,0.00,102764.73,47175.156250,242087.062500,92470.093750,0.000000,0.000000,108221.609375,  6.03488,1771,3337,1235,1123,3583,2999,2533,3340,524,1167,1064,3006,0,0,0,0,0,0,  0.00000,  0.00000, 13.04063, 98.81739,51,53,      0.000,      0.000, 0.0000000, 0.0000000, 0.0000000, 0.0000000,      0.000,      0.000,      0.000,      0.000,      0.000,      0.000,      0.000,      0.000,      0.000,      0.000,      0.000,      0.000,      0.000,      0.000,      0.000,      0.000,      0.000,      0.000,      0.000,      0.000,      0.000,      0.000,      0.000,      0.000,      0.000,      0.000,      0.000,      0.000,      0.000,      0.000,      0.000,      0.000,      0.000,  55316.719,  54947.621,  54653.055,  54441.250,  54266.176,  54115.039,  53995.086,  53779.766,  53493.328,  53419.398,  53567.422,  53886.703,  54385.813,  55044.051,  55854.719,  56838.453,  57976.527,  59265.918,  60712.223,  62335.617,  64136.277,  66091.469,  68202.641,  70525.227,  73043.484,  75763.742,  78726.516,  81906.750,  85341.102,  89012.492,  0.0000000,  0.0000000,  0.0000000,  0.0000000,  0.0000000,
16,08/05/10,15:21:00,16,e915650608056056982574555406184553523,65,915650,912,912,1104,-9681,1230, 0.89600003,731.868,  0.000,14,13,1254,0,0,274,284,50,1295,0,0,135,00,00,00,0000,0000,0000,0,0,0,0,0,0,0000,0000,0,536544,0,0,0,243764,0,0,0,0,0,0,0,0,0,0,0,0,11,31,9,0,0,9,89,71,61,0,0,85,  7.39593, 41.306, 95.823,41.26,95.69,0.09,0.00,0.00,7.40,102565.19,251174.78,53226.23,0.00,0.00,438776.06,39205.54,250395.86,209158.94,0.00,0.00,101463.59,38951.183594,151883.312500,77959.507813,0.000000,0.000000,84921.820313,  6.03488,1802,3365,1264,1155,3568,3001,2978,3368,538,1166,1091,3008,0,0,0,0,0,0,  0.00000,  0.00000, 12.75066,102.37833,72,74,      0.000,      0.000, 0.0000000, 0.0000000, 0.0000000, 0.0000000,      0.000,      0.000,      0.000,      0.000,      0.000,      0.000,      0.000,      0.000,      0.000,      0.000,      0.000,      0.000,      0.000,      0.000,      0.000,      0.000,      0.000,      0.000,      0.000,      0.000,      0.000,      0.000,      0.000,      0.000,      0.000,      0.000,      0.000,      0.000,      0.000,      0.000,      0.000,      0.000,      0.000,  55006.695,  54669.445,  54418.094,  54210.598,  54039.695,  53900.516,  53806.746,  53466.246,  52939.336,  52658.215,  52638.488,  52843.285,  53208.461,  53700.605,  54350.121,  55107.383,  55983.688,  56959.961,  58047.465,  59231.180,  60521.590,  61899.840,  63371.035,  64947.000,  66579.898,  68315.008,  70126.797,  72005.617,  73973.320,  76006.039,  0.0000000,  0.0000000,  0.0000000,  0.0000000,  0.0000000,
17,08/05/10,15:27:05,17,e915650608056056982574555406184553523,65,915650,912,912,1120,-9345,207, 0.89600003,732.234,  0.000,34,25,1379,0,0,260,279,50,1280,0,0,138,00,00,00,0000,0000,0000,0,0,0,0,0,0,0000,0000,0,543615,0,0,0,250501,0,0,0,0,0,0,0,0,0,0,0,0,13,31,9,0,0,9,93,73,61,0,0,85,  7.39577, 41.329, 95.876,41.21,95.63,0.08,0.00,0.00,7.40,109775.34,250838.94,54383.77,0.00,0.00,450902.13,42358.64,253626.52,229652.13,0.00,0.00,105473.59,42154.628906,154451.390625,77583.007813,0.000000,0.000000,88070.367188,  6.03488,1784,3368,1287,1172,3561,3001,2962,3368,578,1239,1087,3007,0,0,0,0,0,0,  0.00000,  0.00000, 12.66519,102.13493,75,75,      0.000,      0.000, 0.0000000, 0.0000000, 0.0000000, 0.0000000,      0.000,      0.000,      0.000,      0.000,      0.000,      0.000,      0.000,      0.000,      0.000,      0.000,      0.000,      0.000,      0.000,      0.000,      0.000,      0.000,      0.000,      0.000,      0.000,      0.000,      0.000,      0.000,      0.000,      0.000,      0.000,      0.000,      0.000,      0.000,      0.000,      0.000,      0.000,      0.000,      0.000,  56217.543,  55863.477,  55559.980,  55345.254,  55168.922,  55018.574,  54895.914,  54721.340,  54214.418,  53857.629,  53735.957,  53840.227,  54104.656,  54548.063,  55091.070,  55770.082,  56549.391,  57464.957,  58444.965,  59550.730,  60743.898,  62049.578,  63453.906,  64943.141,  66504.375,  68167.180,  69935.172,  71748.297,  73662.992,  75670.172,  0.0000000,  0.0000000,  0.0000000,  0.0000000,  0.0000000,
18,08/05/10,15:32:20,18,e915650608056056982574555406184553523,65,915650,880,992,1056,-8964,231, 0.89600003,732.234,  0.000,125,5,754,0,0,61,276,42,1753,0,0,66,00,00,00,0000,0000,0000,0,0,0,0,0,0,0000,0000,0,542521,0,0,0,248331,0,0,0,0,0,0,0,0,0,0,0,0,23,31,9,0,0,9,77,47,61,0,0,61,  7.39577, 41.329, 95.878,40.90,95.83,0.08,0.00,0.00,7.40,107416.58,248020.13,54000.68,0.00,0.00,446996.19,41858.52,253114.09,302972.97,0.00,0.00,102476.66,49118.085937,307769.343750,89506.187500,0.000000,0.000000,126307.820313,  6.03488,1782,3368,1342,1275,3566,3002,1139,3364,543,1268,1226,3008,0,0,0,0,0,0,  0.00000,  0.00000, 13.06719, 78.39180,42,47,      0.000,      0.000, 0.0000000, 0.0000000, 0.0000000, 0.0000000,      0.000,      0.000,      0.000,      0.000,      0.000,      0.000,      0.000,      0.000,      0.000,      0.000,      0.000,      0.000,      0.000,      0.000,      0.000,      0.000,      0.000,      0.000,      0.000,      0.000,      0.000,      0.000,      0.000,      0.000,      0.000,      0.000,      0.000,      0.000,      0.000,      0.000,      0.000,      0.000,      0.000,  56717.867,  56296.734,  55949.047,  55690.340,  55488.469,  55336.949,  55205.281,  55014.551,  54646.719,  54555.691,  54688.137,  55012.043,  55499.473,  56129.211,  56900.773,  57835.359,  58879.367,  60114.305,  61453.500,  62953.277,  64565.109,  66356.945,  68293.578,  70374.055,  72613.633,  75025.219,  77636.320,  80399.695,  83363.203,  86529.070,  0.0000000,  0.0000000,  0.0000000,  0.0000000,  0.0000000,
19,08/05/10,15:38:09,19,e915650608056056982574555406184553523,65,915650,960,928,1104,-8592,230, 0.89600003,732.479,  0.000,116,6,432,0,0,36,279,48,1802,0,0,78,00,00,00,0000,0000,0000,0,0,0,0,0,0,0000,0000,0,549452,0,0,0,243626,0,0,0,0,0,0,0,0,0,0,0,0,21,31,9,0,0,9,81,49,61,0,0,61,  7.39567, 41.344, 95.912,40.95,95.84,0.08,0.00,0.00,7.40,112090.24,250155.92,54153.93,0.00,0.00,438527.22,43503.20,256302.97,307363.19,0.00,0.00,101365.45,50386.621094,300431.250000,90699.976563,0.000000,0.000000,121227.289063,  6.03488,1827,3363,1383,1302,3568,3000,1422,3361,548,1293,1190,3007,0,0,0,0,0,0,  0.00000,  0.00000, 13.23303, 84.43217,42,42,      0.000,      0.000, 0.0000000, 0.0000000, 0.0000000, 0.0000000,      0.000,      0.000,      0.000,      0.000,      0.000,      0.000,      0.000,      0.000,      0.000,      0.000,      0.000,      0.000,      0.000,      0.000,      0.000,      0.000,      0.000,      0.000,      0.000,      0.000,      0.000,      0.000,      0.000,      0.000,      0.000,      0.000,      0.000,      0.000,      0.000,      0.000,      0.000,      0.000,      0.000,  57032.359,  56625.641,  56287.121,  56013.375,  55808.629,  55663.129,  55543.469,  55373.738,  54999.309,  54872.172,  55011.902,  55320.539,  55783.258,  56421.852,  57198.258,  58133.324,  59188.449,  60422.973,  61793.859,  63312.969,  64991.129,  66797.930,  68766.930,  70889.633,  73212.227,  75689.500,  78354.773,  81230.297,  84308.516,  87600.477,  0.0000000,  0.0000000,  0.0000000,  0.0000000,  0.0000000,
Lowtask enabled
dbg > db /pat /d
Lowtask disabled

Patient Data
--------------
Total Samples: 13
1,08/05/10,10:16:43,1,,0,N/A0, 37.0,ADULT,0,0,0,  0.00000,  0.00000,  0.00000,  0.00000,15.0,33.3,,,26.7,    0,    0,    0,0.0,  0.0,    0,    0,    0,0.00,0.0,,0,,1,7.387,41.5,267.4,-----,NORESULT,-----,NORESULT,-----,-----,-1.13,-----,-----,1,1,1,0,0,0,0,0,0,0,0,0, 99.9,0,            ,OFF,LR
2,08/05/10,10:56:38,8,,0,N/A0, 37.0,ADULT,0,0,0,  0.00000,  0.00000,  0.00000,  0.00000,15.0,33.3,,,26.7,    0,    0,    0,0.0,  0.0,    0,    0,    0,0.00,0.0,,0,,8,6.788,84.9,64.4,-----,NORESULT,-----,NORESULT,-----,-----,14.35,-----,-----,1,1,1,0,0,0,0,0,0,1,0,0, 58.0,0,            ,OFF,LR
3,08/05/10,11:01:17,9,,0,N/A0, 37.0,ADULT,0,0,0,  0.00000,  0.00000,  0.00000,  0.00000,15.0,33.3,,,26.7,    0,    0,    0,0.0,  0.0,    0,    0,    0,0.00,0.0,,0,,9,6.805,82.4,65.8,-----,NORESULT,-----,NORESULT,-----,-----,15.37,-----,-----,1,1,1,0,0,0,0,0,0,1,0,0, 60.9,0,            ,OFF,LR
4,08/05/10,11:07:21,10,,0,N/A0, 37.0,ADULT,0,0,0,  0.00000,  0.00000,  0.00000,  0.00000,15.0,33.3,,,26.7,    0,    0,    0,0.0,  0.0,    0,    0,    0,0.00,0.0,,0,,10,7.884,9.3,469.3,-----,NORESULT,-----,NORESULT,-----,-----,8.79,-----,-----,3,2,1,0,0,0,0,0,0,1,0,0,NORESULT,0,            ,OFF,LR
5,08/05/10,11:15:35,11,,0,N/A0, 37.0,ADULT,0,0,0,  0.00000,  0.00000,  0.00000,  0.00000,15.0,33.3,,,26.7,    0,    0,    0,0.0,  0.0,    0,    0,    0,0.00,0.0,,0,,11,7.883,10.3,458.9,-----,NORESULT,-----,NORESULT,-----,-----,8.82,-----,-----,3,1,1,0,0,0,0,0,0,1,0,0,NORESULT,0,            ,OFF,LR
6,08/05/10,14:34:27,12,,0,N/A0, 37.0,ADULT,0,0,0,  0.00000,  0.00000,  0.00000,  0.00000,15.0,33.3,,,26.7,    0,    0,    0,0.0,  0.0,    0,    0,    0,0.00,0.0,,0,,12,7.171,83.6,49.4,-----,NORESULT,-----,NORESULT,-----,-----,4.52,14.2,75.1,1,1,1,0,0,0,0,0,0,1,1,1, 75.1,0,            ,OFF,LR
7,08/05/10,14:40:07,13,,0,N/A0, 37.0,ADULT,0,0,0,  0.00000,  0.00000,  0.00000,  0.00000,15.0,33.3,,,26.7,    0,    0,    0,0.0,  0.0,    0,    0,    0,0.00,0.0,,0,,13,7.183,79.0,49.0,-----,NORESULT,-----,NORESULT,-----,-----,4.96,14.3,75.3,1,1,1,0,0,0,0,0,0,1,1,1, 75.3,0,            ,OFF,LR
8,08/05/10,14:54:15,14,,0,N/A0, 37.0,ADULT,0,0,0,  0.00000,  0.00000,  0.00000,  0.00000,15.0,33.3,,,26.7,    0,    0,    0,0.0,  0.0,    0,    0,    0,0.00,0.0,,0,,14,7.361,41.9,99.9,-----,NORESULT,-----,NORESULT,-----,-----,5.56,13.6,100.0,1,1,1,0,0,0,0,0,0,1,1,1, 97.4,0,            ,OFF,LR
9,08/05/10,15:01:32,15,,0,N/A0, 37.0,ADULT,0,0,0,  0.00000,  0.00000,  0.00000,  0.00000,15.0,33.3,,,26.7,    0,    0,    0,0.0,  0.0,    0,    0,    0,0.00,0.0,,0,,15,7.341,41.1,100.0,-----,NORESULT,-----,NORESULT,-----,-----,5.44,12.8,98.8,1,1,1,0,0,0,0,0,0,1,1,1, 97.5,0,            ,OFF,LR
10,08/05/10,15:24:19,16,,0,N/A0, 37.0,ADULT,0,0,0,  0.00000,  0.00000,  0.00000,  0.00000,15.0,33.3,,,26.7,    0,    0,    0,0.0,  0.0,    0,    0,    0,0.00,0.0,,0,,16,7.555,14.0,407.5,-----,NORESULT,-----,NORESULT,-----,-----,4.85,12.4,100.0,1,1,1,0,0,0,0,0,0,1,1,1, 99.9,0,            ,OFF,LR
11,08/05/10,15:30:08,17,,0,N/A0, 37.0,ADULT,0,0,0,  0.00000,  0.00000,  0.00000,  0.00000,15.0,33.3,,,26.7,    0,    0,    0,0.0,  0.0,    0,    0,    0,0.00,0.0,,0,,17,7.547,14.4,404.1,-----,NORESULT,-----,NORESULT,-----,-----,4.71,12.4,100.0,1,1,1,0,0,0,0,0,0,1,1,1, 99.9,0,            ,OFF,LR
12,08/05/10,15:36:04,18,,0,N/A0, 37.0,ADULT,0,0,0,  0.00000,  0.00000,  0.00000,  0.00000,15.0,33.3,,,26.7,    0,    0,    0,0.0,  0.0,    0,    0,    0,0.00,0.0,,0,,18,7.202,74.3,52.8,-----,NORESULT,-----,NORESULT,-----,-----,4.53,13.3,78.4,1,1,1,0,0,0,0,0,0,1,1,1, 78.4,0,            ,OFF,LR
13,08/05/10,15:42:02,19,,0,N/A0, 37.0,ADULT,0,0,0,  0.00000,  0.00000,  0.00000,  0.00000,15.0,33.3,,,26.7,    0,    0,    0,0.0,  0.0,    0,    0,    0,0.00,0.0,,0,,19,7.224,67.9,58.8,-----,NORESULT,-----,NORESULT,-----,-----,4.80,13.3,84.4,1,1,1,0,0,0,0,0,0,1,1,1, 84.4,0,            ,OFF,LR
Lowtask enabled
dbg > db /qc1 /d
Lowtask disabled

QC Level 1 Data
--------------
Total Samples: 2
1,08/05/10,10:26:25,2,,2,30,7.144,67.4,73.8,-----,-----,-----,-----,-----,-----,0.43,20.6,81.8,FAIL,0
2,08/05/10,10:31:23,3,,3,30,7.146,68.6,76.7,-----,-----,-----,-----,-----,-----,0.36,20.5,81.5,FAIL,0
Lowtask enabled
dbg > db /qc2 /d
Lowtask disabled

QC Level 2 Data
--------------
Total Samples: 2
1,08/05/10,10:36:50,4,,4,30,7.420,41.2,113.7,-----,-----,-----,-----,-----,-----,1.82,14.2,90.9,FAIL,0
2,08/05/10,10:41:59,5,,5,30,7.425,41.3,114.7,-----,-----,-----,-----,-----,-----,1.93,14.3,91.2,FAIL,0
Lowtask enabled
dbg > db /qc3 /d
Lowtask disabled

QC Level 3 Data
--------------
Total Samples: 2
1,08/05/10,10:47:18,6,,6,30,7.619,21.6,160.1,-----,-----,-----,-----,-----,-----,3.77,9.2,99.1,FAIL,0
2,08/05/10,10:52:06,7,,7,30,7.621,19.1,160.7,-----,-----,-----,-----,-----,-----,3.91,9.3,99.1,FAIL,0
Lowtask enabled
dbg > db /src1 /d
Lowtask disabled

SRC 1 Data
--------------
Total Samples: 0
Lowtask enabled
dbg > db /src2 /d
Lowtask disabled

SRC 2 Data
--------------
Total Samples: 0
Lowtask enabled
dbg > db /src3 /d
Lowtask disabled

SRC 3 Data
--------------
Total Samples: 0
Lowtask enabled
dbg > verRAM backup battery bad !
OPTI Medical OPTI CCA-TS - 3.00.0023 - May 12 2009 10:48:06
Optics ROM version: OPTIC2H 7/11/97
dbg > set /d
seqnum= 19
idac1= 944
idac2= 1056
idac3= 1248
aspbubblerear_to=   8.00
aspend_to=   1.40
aspfrbubble_to=   2.00
aspfrfluid_to=  15.00
aspfluidion_to=   2.50
aspfrontrear_to=  15.00
aspwait_to= 600.00
blowbuf2_to=   5.60
blowbuf4_to=  12.00
cal2_to =  90.00
flow1_to=   2.30
flow2_to=   2.20
flow3_to=   3.80
flow4_to=   4.00
flowinit_to=  20.00
flowwt_to=   0.00
ionwait_to=  10.00
pump_to =   2.00
sample_to= 240.00
srcmeasure_to=  30.00
srcwarmup_to=  30.00
timedasp_to=   4.30
timedasp2_to=   5.00
timedasp3_to=   5.00
warmcal_to=  35.00
presamp_to=   0.50
suckasp1_to=   1.80
clr1blow_to=   3.50
clr1suck_to=   2.00
clr2blow_to=   3.00
Normal blood factors:
    pH :   3.869000  -0.045000   0.070000
   3.018000   0.070000   0.070000
   0.000000   1.000000   0.000000

    PCO2 :  -0.220000   1.000000   0.000000
  16.235800  -0.304500   0.024330
   5.135310   0.917290   0.000900

    PO2 :   1.400000   0.990000   0.000200
 -21.000000   0.960000   0.003000
-355.000000   3.910000  -0.003500

    Na+  :  -0.029800   1.261000  -0.800000
   0.000000   0.000000   0.000000
   0.000000   0.000000   0.000000

    K+   :  -0.000350   0.986500   0.000000
   0.000000   0.000000   0.000000
   0.000000   0.000000   0.000000

    Cl-  :  -0.001400   0.925000   1.500000
   0.000000   0.000000   0.000000
   0.000000   0.000000   0.000000

    Ca++ :   0.000315   0.705000   0.002400
   0.000000   0.000000   0.000000
   0.000000   0.000000   0.000000

    Glu  :   0.000000   1.000000   0.000000
   0.000000   0.000000   0.000000
   0.000000   0.000000   0.000000

    BUN  :   0.000022   1.028000   0.000000
   0.007000  -0.005000   1.490000
   0.000000   0.014700   0.000000

    Lac :   0.000000   0.000000   0.000000
   0.000000   0.000000   0.000000
   0.000000   0.000000   0.000000

Dry-cassette blood factors:
    pH :   0.000000   1.000000   0.000000
   0.000000   1.000000   0.000000
   0.000000   0.000000   0.000000

    PCO2 :   0.000000   1.000000   0.000000
   0.000000   1.000000   0.000000
   0.000000   1.000000   0.000000

    PO2 : -12.300000   1.048200   0.000000
 -67.099998   1.246900   0.003500
-172.399994   2.489000   0.000000

    Na+  :   0.000000   0.000000   0.000000
   0.000000   0.000000   0.000000
   0.000000   0.000000   0.000000

    K+   :   0.000000   0.000000   0.000000
   0.000000   0.000000   0.000000
   0.000000   0.000000   0.000000

    Cl-  :   0.000000   0.000000   0.000000
   0.000000   0.000000   0.000000
   0.000000   0.000000   0.000000

    Ca++ :   0.000000   0.000000   0.000000
   0.000000   0.000000   0.000000
   0.000000   0.000000   0.000000

    Glu  :   0.000000   0.000000   0.000000
   0.000000   0.000000   0.000000
   0.000000   0.000000   0.000000

    BUN  :   0.000000   0.000000   0.000000
   0.000000   0.000000   0.000000
   0.000000   0.000000   0.000000

    Lac :   0.000000   1.000000   0.000000
  14.000000  11.100000  -1.200000
   0.000000   0.000000   0.000000

breakptp1=   7.400000
breakpto1=  95.000000
breakpto2= 215.000000
breakpt_1_lac_oxy= 100.000000
breakpt_2_lac_oxy= 215.000000
breakptc1=  20.299999
breakptc2=  40.400002
bufa=  -4.261890
bufb=   3.147540
bufc=  -0.318063
baro_factor=   0.000
pp_rate0=    0pp_rate1=  600
pp_rate2=  300pp_rate3=  600
pp_rate4=  600pp_rate5=  400
pp_rate6=  100pp_rate7=   75
pp_rate8=   50pp_rate9=  100
pp_rate10=  600pp_rate11=   50
pp_rate12=  300pp_rate13=    4
pp_rate14=  150pp_rate15=  600
pp_rate16=   75pp_rate17=  750
pp_rate18=   40pp_rate19=   80
pp_rate20=  100pp_rate21=   60
pp_rate22=  400pp_rate23=  200
pp_rate24=  100pp_rate25=  100
pp_rate26=  200pp_rate27=  300
pp_rate28=  100pp_rate29=  200
pp_rate30=  200pp_rate31=  400
pp_rate32=  600pp_rate33=  400
lg_sample0=    2lg_sample1=    5
lg_sample2=    7lg_sample3=    5
lg_sample4=    2lg_sample5=    2
lg_sample6=    2lg_sample7=    5
lg_sample8=    2lg_sample9=    5
lg_sample10=    3
ffalse[0]= 430ffalse[1]= 1886
ffalse[2]= 526ffalse[3]= 4214
ffalse[4]= 3938ffalse[5]= 4061
epr[pH]= 0.550epr[PCO2]= 0.600epr[PO2]= 0.650
epr[Na+ ]= 0.550epr[K+  ]= 0.500epr[Cl- ]= 0.500
epr[Ca++]= 0.500epr[Glu ]= 0.500epr[BUN ]= 0.500
epr[Lac]= 0.500
epf[pH]= 0.550epf[PCO2]= 0.600epf[PO2]= 0.650
epf[Na+ ]= 0.550epf[K+  ]= 0.500epf[Cl- ]= 0.500
epf[Ca++]= 0.500epf[Glu ]= 0.500epf[BUN ]= 0.500
epf[Lac]= 0.500
vol_i=  0.00000
pump_k=  0.00000
airfo1=  0.00000
senfc1=  0.00000
senfc2=  1.00000
thresho2cal= 700.0
o2diff=  0.10000
max_repeat= 0
optic_delay=   2.00
home_offset= 335
clearmode= 2
phr corr= 160
pcr corr= 75
SRC Lot: 000000 8/5/109,7.080,7.120,7.100,0.400,0.150,68.000,72.000,70.000,0.400,0.150,57.000,63.000,60.000,0.400,0.150,123.000,127.000,125.000,0.400,0.200,2.200,2.800,2.500,0.400,0.200,78.000,82.000,80.000,0.400,0.200,1.700,1.900,1.800,0.400,0.200,36.000,44.000,40.000,0.400,0.200,1.500,2.500,2.000,0.400,0.200,0.700,1.300,1.000,0.400,0.200,18.500,21.500,20.000,0.000,0.800,68.000,72.000,70.000,0.000,0.800,
SRC Lot: 000000 8/5/109,7.380,7.420,7.400,0.400,0.150,38.000,42.000,40.000,0.400,0.150,97.000,103.000,100.000,0.400,0.150,143.000,147.000,145.000,0.400,0.200,4.200,4.800,4.500,0.400,0.200,103.000,107.000,105.000,0.400,0.200,1.000,1.200,1.100,0.400,0.200,106.000,114.000,110.000,0.400,0.200,9.500,10.500,10.000,0.400,0.200,2.200,2.800,2.500,0.400,0.200,12.500,15.500,14.000,0.000,0.800,88.000,92.000,90.000,0.000,0.800,
SRC Lot: 000000 8/5/109,7.580,7.620,7.600,0.400,0.150,18.000,22.000,20.000,0.400,0.150,167.000,173.000,170.000,0.400,0.150,163.000,167.000,165.000,0.400,0.200,6.700,7.300,7.000,0.400,0.200,128.000,132.000,130.000,0.400,0.200,0.600,0.800,0.700,0.400,0.200,296.000,304.000,300.000,0.400,0.200,24.500,25.500,25.000,0.400,0.200,9.700,10.300,10.000,0.400,0.200,6.500,9.500,8.000,0.000,0.800,96.000,100.000,98.000,0.000,0.800,
ion_na=   0.150000
ion_k=   0.005200
calna_a=   2.308000
calna_d=   0.107000
ion_cl=   0.108100
cl_a=  -2.441000
cl_b=  -0.733000
dbg > eeprom /dna_display
EEPROM DNA FingerPrint:
idac1=944
idac2=1056
idac3=1248
serialnum=2557
false[1] = 430
false[2] = 1886
false[3] = 526
false[4] = 4214
false[5] = 3938
false[6] = 4061
lower limit=412
upper limit=3640
lower factor=500.000
upper factor=  0.800
home_offset=335
phr corr= 160
pcr corr= 75
gas 0psi= 508
gas 140psi= 3696
dbg > setion all
calna_a =   2.308000 calna_d =   0.107000
calca_a =   0.000000 calca_d =   0.000001 cl_a     =  -2.441000 cl_b     =  -0.733000 kf_a     =   0.258800
calgl_a = -695.000000 calgl_b =  60.000000 calgl_c =   0.060000 calgl_d =  50.000000
calnh4_a =   0.141700 calnh4_b =   0.017600 calnh4_c =   0.000000 calnh4_d =  -1.000000 calnh4_e =  -4.089000 calnh4_f = -37.367001
ion_na  =   0.150000
ion_k   =   0.005200 ion_cl  =   0.108100 ion_ca  =   0.001235
ion_k_d =   0.002200 ion_cl_d =   0.108100 ion_ca_d =   0.001750
actcoef_c =   0.337300
dbg > laserparam
WQC_SETTLE=0.1000
WQC_NUM   =75
SAM_SETTLE=0.1000
SAM_NUM   =75
K1        =3.4178F1          =1.0000
K2        =2.7142F2          =1.0000
K3        =0.9808F3          =1.0000
K4        =-9.5790F4          =0.0000
K5        =16.5300F5          =0.0000
K6        =6.7343F6          =8.3000
K7        =14.1790F7          =52.0000
K8        =120.5000F8          =11.5000
K9        =0.1644F9          =50.8000
K10       =0.1428F10         =16.1000
K11       =0.0040F11         =2.0000
K12       =1.4519F12         =55.4000
dbg > sensors /table
Sensors Table
pH:5.690000 0.008000 0.000000 0.000000 0.000012 1.000000 0.000000 0.005000
PCO2:6.860000 0.008000 0.000000 0.000000 0.000030 0.200000 0.300000 0.700000
PO2:0.770000 0.003000 0.000000 0.000000 0.000400 0.200000 0.000000 0.700000
Na+ :-1.480000 0.015000 0.020000 0.008000 0.000600 0.200000 0.000000 0.000500
K+  :0.019000 0.002000 0.200000 0.030000 -0.000800 0.200000 -0.000100 0.000100
Cl- :4.550000 0.100000 0.000000 0.000000 0.001500 0.200000 0.001200 0.001000
Ca++:0.460000 0.020000 0.000420 0.000040 -0.000300 0.200000 0.000000 0.000025
Glu :0.525000 0.100000 -0.174000 0.008000 0.000800 0.200000 -0.042500 0.009000
BUN :0.534800 0.020000 3.811000 0.300000 -0.000490 0.400000 0.000479 0.000100
Lac:0.000000 0.000000 0.000000 0.000000 0.000000 0.000000 0.000000 0.000000
tHb :1.000000 0.020000 0.000000 0.000000 0.000000 0.000000 0.000000 0.000000
SO2 :1.000000 0.020000 0.000000 0.000000 0.000000 0.000000 0.000000 0.000000
B_Lac Sensors Table
pH:0.000000 0.000000 0.000000 0.000050 0.000000 0.000000
PCO2:300.000000 4.000000 0.000000 0.000100 1.050000 0.002000
PO2:0.800000 0.003000 0.000000 0.000100 0.000000 0.000000
Na+ :0.000000 0.000000 0.000000 0.000000 0.000000 0.000000
K+  :0.000000 0.000000 0.000000 0.000000 0.000000 0.000000
Cl- :0.000000 0.000000 0.000000 0.000000 0.000000 0.000000
Ca++:0.000000 0.000000 0.000000 0.000000 0.000000 0.000000
Glu :0.000000 0.000000 0.000000 0.000000 0.000000 0.000000
BUN :0.000000 0.000000 0.000000 0.000000 0.000000 0.000000
Lac:400.000000 2.000000 0.000000 0.000100 0.000000 0.000000
tHb :1.000000 0.020000 0.000000 0.000000 0.000000 0.000000
SO2 :1.000000 0.020000 0.000000 0.000000 0.000000 0.000000
dbg > 