
dbg > set sn  9223
dbg > db /raw /d
Lowtask disabled

Raw Data
--------------
Total Samples: 19
1,08/05/10,10:13:44,1,e915650608056056982574555406184553523,65,915650,464,1344,560,-28129,-28614, 0.89600003,733.578,  0.000,30,5,211,0,0,8,280,43,36,0,0,59,00,00,00,0000,0000,0000,0,0,0,0,0,0,0000,0000,0,491465,0,0,0,329251,0,0,0,0,0,0,0,0,0,0,0,0,19,31,9,0,0,9,85,63,61,0,0,61,  7.39523, 41.410, 96.064,41.31,96.11,0.09,0.00,0.00,7.40,83665.33,229710.13,39654.65,0.00,0.00,592652.50,32914.31,229075.72,40793.12,0.00,0.00,128611.64,35655.246094,163369.796875,37925.843750,0.000000,0.000000,135762.234375,  6.03488,1489,2319,2331,2305,2773,1494,777,2320,1283,2305,1581,1495,0,0,0,0,0,0,  0.00000,  0.00000,  0.00000,  0.00000,1978,1976,      0.000,      0.000, 0.0000000, 0.0000000, 0.0000000, 0.0000000,      0.000,      0.000,      0.000,      0.000,      0.000,      0.000,      0.000,      0.000,      0.000,      0.000,      0.000,      0.000,      0.000,      0.000,      0.000,      0.000,      0.000,      0.000,      0.000,      0.000,      0.000,      0.000,      0.000,      0.000,      0.000,      0.000,      0.000,      0.000,      0.000,      0.000,      0.000,      0.000,      0.000,  41329.926,  41024.910,  40786.656,  40607.188,  40459.531,  40333.898,  40226.480,  39919.816,  39498.137,  39185.336,  38939.199,  38759.512,  38575.535,  38423.441,  38306.426,  38203.289,  38096.230,  38021.133,  37962.195,  37918.305,  37872.301,  37845.313,  37832.863,  37812.258,  37809.125,  37822.633,  37824.941,  37851.195,  37870.992,  37899.371,  0.0000000,  0.0000000,  0.0000000,  0.0000000,  0.0000000,
2,08/05/10,10:23:39,2,e915650608056056982574555406184553523,65,915650,464,1344,592,-27582,458, 0.89600003,734.066,  0.000,122,4,163,0,0,133,286,53,742,0,0,55,00,00,00,0000,0000,0000,0,0,0,0,0,0,0000,0000,0,490024,0,0,0,330068,0,0,0,0,0,0,0,0,0,0,0,0,21,29,9,0,0,9,71,39,61,0,0,61,  7.39502, 41.440, 96.135,41.02,96.18,0.09,0.00,0.00,7.40,85779.67,229624.98,39773.32,0.00,0.00,594123.25,33379.46,228321.94,69592.67,0.00,0.00,150753.09,38739.277344,246350.640625,51877.140625,0.000000,0.000000,174102.625000,  6.03488,1466,2315,2337,2304,2768,1493,913,2306,1329,2304,1639,1493,0,0,0,0,0,0,  0.00000,  0.00000,  9.68451, 62.42531,0,0,      0.000,      0.000, 0.0000000, 0.0000000, 0.0000000, 0.0000000,      0.000,      0.000,      0.000,      0.000,      0.000,      0.000,      0.000,      0.000,      0.000,      0.000,      0.000,      0.000,      0.000,      0.000,      0.000,      0.000,      0.000,      0.000,      0.000,      0.000,      0.000,      0.000,      0.000,      0.000,      0.000,      0.000,      0.000,      0.000,      0.000,      0.000,      0.000,      0.000,      0.000,  40773.063,  40620.789,  40485.730,  40278.734,  39940.289,  39777.430,  39742.520,  39787.555,  39922.445,  40119.773,  40367.012,  40666.594,  41003.621,  41360.965,  41775.020,  42210.328,  42688.734,  43181.559,  43719.199,  44279.242,  44856.098,  45446.086,  46088.430,  46749.223,  47431.438,  48126.035,  48849.078,  49582.230,  50342.305,  51113.730,  0.0000000,  0.0000000,  0.0000000,  0.0000000,  0.0000000,
3,08/05/10,10:28:34,3,e915650608056056982574555406184553523,65,915650,464,1440,568,-27264,187, 0.89600003,734.188,  0.000,127,0,128,0,0,140,281,56,762,0,0,52,00,00,00,0000,0000,0000,0,0,0,0,0,0,0000,0000,0,481042,0,0,0,318832,0,0,0,0,0,0,0,0,0,0,0,0,21,29,9,0,0,9,73,39,61,0,0,61,  7.39497, 41.447, 96.152,41.02,96.15,0.09,0.00,0.00,7.40,82973.18,221831.92,39123.48,0.00,0.00,573898.69,33006.08,224117.47,70531.02,0.00,0.00,145998.64,38111.902344,239593.171875,51733.835937,0.000000,0.000000,168180.671875,  6.03488,1475,2316,2330,2304,2789,1493,918,2314,1317,2301,1648,1493,0,0,0,0,0,0,  0.00000,  0.00000,  9.72123, 62.67673,0,0,      0.000,      0.000, 0.0000000, 0.0000000, 0.0000000, 0.0000000,      0.000,      0.000,      0.000,      0.000,      0.000,      0.000,      0.000,      0.000,      0.000,      0.000,      0.000,      0.000,      0.000,      0.000,      0.000,      0.000,      0.000,      0.000,      0.000,      0.000,      0.000,      0.000,      0.000,      0.000,      0.000,      0.000,      0.000,      0.000,      0.000,      0.000,      0.000,      0.000,      0.000,  40217.707,  40061.723,  39916.402,  39661.625,  39315.277,  39142.996,  39112.539,  39168.055,  39315.344,  39520.555,  39802.402,  40100.492,  40458.590,  40845.250,  41283.500,  41729.141,  42228.578,  42739.160,  43302.781,  43888.793,  44484.953,  45117.469,  45767.844,  46457.582,  47153.852,  47878.836,  48620.754,  49385.480,  50164.008,  50947.617,  0.0000000,  0.0000000,  0.0000000,  0.0000000,  0.0000000,
4,08/05/10,10:34:07,4,e915650608056056982574555406184553523,65,915650,504,1376,592,-26955,199, 0.89600003,734.310,  0.000,100,4,1036,0,0,23,289,46,1514,0,0,54,00,00,00,0000,0000,0000,0,0,0,0,0,0,0000,0000,0,496721,0,0,0,323142,0,0,0,0,0,0,0,0,0,0,0,0,19,29,9,0,0,9,75,47,61,0,0,61,  7.39492, 41.456, 96.170,41.11,96.12,0.07,0.00,0.00,7.40,84094.36,226067.69,39715.24,0.00,0.00,581657.06,32474.77,231399.70,194077.70,0.00,0.00,123027.08,35274.542969,215880.609375,65054.093750,0.000000,0.000000,129944.500000,  6.03488,1469,2313,2327,2304,2789,1492,1838,2305,1787,2304,2270,1493,0,0,0,0,0,0,  0.00000,  0.00000,  6.24156, 74.70614,0,0,      0.000,      0.000, 0.0000000, 0.0000000, 0.0000000, 0.0000000,      0.000,      0.000,      0.000,      0.000,      0.000,      0.000,      0.000,      0.000,      0.000,      0.000,      0.000,      0.000,      0.000,      0.000,      0.000,      0.000,      0.000,      0.000,      0.000,      0.000,      0.000,      0.000,      0.000,      0.000,      0.000,      0.000,      0.000,      0.000,      0.000,      0.000,      0.000,      0.000,      0.000,  40627.129,  40477.188,  40345.063,  40161.645,  39811.500,  39644.883,  39644.816,  39789.367,  40030.891,  40365.777,  40799.656,  41299.988,  41864.676,  42509.414,  43212.156,  44006.207,  44842.109,  45753.270,  46754.313,  47811.754,  48941.633,  50168.688,  51458.508,  52861.309,  54312.430,  55887.535,  57540.047,  59305.453,  61175.230,  63164.742,  0.0000000,  0.0000000,  0.0000000,  0.0000000,  0.0000000,
5,08/05/10,10:39:09,5,e915650608056056982574555406184553523,65,915650,456,1376,584,-26656,172, 0.89600003,733.822,  0.000,98,10,940,0,0,23,288,43,1538,0,0,57,00,00,00,0000,0000,0000,0,0,0,0,0,0,0000,0000,0,498531,0,0,0,323404,0,0,0,0,0,0,0,0,0,0,0,0,19,29,9,0,0,9,79,53,61,0,0,61,  7.39512, 41.426, 96.102,41.09,96.00,0.09,0.00,0.00,7.40,86564.39,228000.52,39658.98,0.00,0.00,582127.19,33443.63,232324.36,209989.91,0.00,0.00,122126.60,36295.167969,216117.015625,65260.898437,0.000000,0.000000,129152.914063,  6.03488,1490,2315,2326,2304,2784,1492,1865,2307,1771,2305,2283,1494,0,0,0,0,0,0,  0.00000,  0.00000,  6.29714, 75.56908,0,0,      0.000,      0.000, 0.0000000, 0.0000000, 0.0000000, 0.0000000,      0.000,      0.000,      0.000,      0.000,      0.000,      0.000,      0.000,      0.000,      0.000,      0.000,      0.000,      0.000,      0.000,      0.000,      0.000,      0.000,      0.000,      0.000,      0.000,      0.000,      0.000,      0.000,      0.000,      0.000,      0.000,      0.000,      0.000,      0.000,      0.000,      0.000,      0.000,      0.000,      0.000,  40699.707,  40524.242,  40379.223,  40228.367,  39910.715,  39693.688,  39666.129,  39776.875,  39993.793,  40322.813,  40738.883,  41219.598,  41788.082,  42435.969,  43155.148,  43932.453,  44787.914,  45715.727,  46706.148,  47772.609,  48919.023,  50149.211,  51463.738,  52872.844,  54346.258,  55931.691,  57619.848,  59395.227,  61323.020,  63342.117,  0.0000000,  0.0000000,  0.0000000,  0.0000000,  0.0000000,
6,08/05/10,10:44:25,6,e915650608056056982574555406184553523,65,915650,464,1344,592,-26311,203, 0.89600003,733.578,  0.000,61,1,17,0,0,191,283,54,3211,0,0,50,00,00,00,0000,0000,0000,0,0,0,0,0,0,0000,0000,0,497259,0,0,0,328350,0,0,0,0,0,0,0,0,0,0,0,0,15,29,9,0,0,9,81,49,61,0,0,61,  7.39522, 41.411, 96.066,41.20,96.05,0.09,0.00,0.00,7.40,82290.80,228082.97,39297.72,0.00,0.00,591030.94,31263.87,231773.98,229537.45,0.00,0.00,113162.66,31824.865234,196831.281250,98728.125000,0.000000,0.000000,104409.445313,  6.03488,1475,2319,2328,2305,2790,1494,2750,2310,2347,2305,3081,1494,0,0,0,0,0,0,  0.00000,  0.00000,  2.46212, 83.42076,0,0,      0.000,      0.000, 0.0000000, 0.0000000, 0.0000000, 0.0000000,      0.000,      0.000,      0.000,      0.000,      0.000,      0.000,      0.000,      0.000,      0.000,      0.000,      0.000,      0.000,      0.000,      0.000,      0.000,      0.000,      0.000,      0.000,      0.000,      0.000,      0.000,      0.000,      0.000,      0.000,      0.000,      0.000,      0.000,      0.000,      0.000,      0.000,      0.000,      0.000,      0.000,  40353.590,  40185.227,  40042.016,  39877.602,  39537.621,  39372.082,  39425.281,  39638.438,  39975.250,  40439.289,  41034.883,  41763.371,  42620.715,  43619.828,  44739.602,  46016.402,  47441.422,  49050.906,  50838.535,  52850.078,  55072.660,  57552.613,  60357.922,  63506.270,  67060.750,  71084.469,  75624.609,  80752.211,  86490.875,  92929.078,  0.0000000,  0.0000000,  0.0000000,  0.0000000,  0.0000000,
7,08/05/10,10:49:28,7,e915650608056056982574555406184553523,65,915650,464,1312,576,-26024,165, 0.89600003,734.066,  0.000,64,1,8,0,0,189,283,48,3423,0,0,50,00,00,00,0000,0000,0000,0,0,0,0,0,0,0000,0000,0,489811,0,0,0,310261,0,0,0,0,0,0,0,0,0,0,0,0,15,29,9,0,0,9,83,49,61,0,0,61,  7.39502, 41.440, 96.135,41.22,96.15,0.08,0.00,0.00,7.40,81282.77,222718.42,38988.36,0.00,0.00,558471.19,31866.29,228222.91,227767.83,0.00,0.00,107588.97,32479.554688,193283.375000,104898.812500,0.000000,0.000000,99228.218750,  6.03488,1487,2318,2333,2304,2786,1493,2800,2308,2331,2305,3095,1494,0,0,0,0,0,0,  0.00000,  0.00000,  2.50645, 84.76052,0,0,      0.000,      0.000, 0.0000000, 0.0000000, 0.0000000, 0.0000000,      0.000,      0.000,      0.000,      0.000,      0.000,      0.000,      0.000,      0.000,      0.000,      0.000,      0.000,      0.000,      0.000,      0.000,      0.000,      0.000,      0.000,      0.000,      0.000,      0.000,      0.000,      0.000,      0.000,      0.000,      0.000,      0.000,      0.000,      0.000,      0.000,      0.000,      0.000,      0.000,      0.000,  39978.367,  39808.516,  39659.848,  39489.598,  39132.469,  38978.477,  39028.086,  39265.230,  39631.938,  40119.734,  40762.285,  41536.535,  42457.184,  43513.852,  44720.332,  46086.344,  47627.680,  49355.340,  51284.227,  53464.691,  55879.918,  58598.523,  61679.563,  65165.047,  69115.250,  73631.242,  78780.789,  84556.109,  91067.234,  98356.336,  0.0000000,  0.0000000,  0.0000000,  0.0000000,  0.0000000,
8,08/05/10,10:54:16,8,e915650608056056982574555406184553523,65,915650,464,1376,568,-25800,144, 0.89600003,734.188,  0.000,121,1,7,0,0,155,288,28,2789,0,0,45,00,00,00,0000,0000,0000,0,0,0,0,0,0,0000,0000,0,498752,0,0,0,316902,0,0,0,0,0,0,0,0,0,0,0,0,19,31,9,0,0,9,73,37,61,0,0,61,  7.39497, 41.448, 96.153,41.04,96.17,0.09,0.00,0.00,7.40,82451.43,225626.67,39277.97,0.00,0.00,570424.69,33870.05,232366.22,229006.84,0.00,0.00,185308.89,38328.964844,263846.562500,177460.203125,0.000000,0.000000,221756.765625,  6.03488,1473,2314,2306,2305,2771,1492,758,2315,1263,2305,1561,1492,0,0,0,0,0,0,  0.00000,  0.00000,  0.00000,  0.00000,1893,1890,      0.000,      0.000, 0.0000000, 0.0000000, 0.0000000, 0.0000000,      0.000,      0.000,      0.000,      0.000,      0.000,      0.000,      0.000,      0.000,      0.000,      0.000,      0.000,      0.000,      0.000,      0.000,      0.000,      0.000,      0.000,      0.000,      0.000,      0.000,      0.000,      0.000,      0.000,      0.000,      0.000,      0.000,      0.000,      0.000,      0.000,      0.000,      0.000,      0.000,      0.000,  41051.250,  40711.898,  40430.992,  40223.918,  40054.656,  39916.844,  39792.711,  39626.922,  39483.191,  39564.672,  39926.992,  40604.402,  41690.914,  43313.043,  45496.727,  48408.996,  52174.266,  56900.848,  62645.121,  69415.430,  77177.406,  85768.875,  95085.156, 104991.875, 115405.414, 126088.359, 136864.766, 147453.984, 157695.844, 167391.312,  0.0000000,  0.0000000,  0.0000000,  0.0000000,  0.0000000,
9,08/05/10,10:58:50,9,e915650608056056982574555406184553523,65,915650,464,1344,576,-25505,154, 0.89600003,734.310,  0.000,118,0,7,0,0,159,278,53,2796,0,0,47,00,00,00,0000,0000,0000,0,0,0,0,0,0,0000,0000,0,498752,0,0,0,327460,0,0,0,0,0,0,0,0,0,0,0,0,23,31,9,0,0,9,79,37,61,0,0,61,  7.39492, 41.456, 96.170,41.05,96.17,0.09,0.00,0.00,7.40,88063.46,225224.13,39644.57,0.00,0.00,589428.94,34680.70,232346.17,230893.84,0.00,0.00,189733.89,41221.644531,264344.125000,177736.796875,0.000000,0.000000,227604.593750,  6.03488,1486,2312,2315,2306,2790,1492,776,2314,1277,2305,1570,1492,0,0,0,0,0,0,  0.00000,  0.00000,  0.00000,  0.00000,1932,1934,      0.000,      0.000, 0.0000000, 0.0000000, 0.0000000, 0.0000000,      0.000,      0.000,      0.000,      0.000,      0.000,      0.000,      0.000,      0.000,      0.000,      0.000,      0.000,      0.000,      0.000,      0.000,      0.000,      0.000,      0.000,      0.000,      0.000,      0.000,      0.000,      0.000,      0.000,      0.000,      0.000,      0.000,      0.000,      0.000,      0.000,      0.000,      0.000,      0.000,      0.000,  41514.367,  41155.758,  40873.949,  40657.727,  40488.723,  40351.461,  40227.254,  40061.441,  39895.738,  39959.426,  40302.305,  40972.031,  42050.406,  43665.742,  45876.473,  48824.965,  52655.871,  57419.332,  63209.965,  70004.922,  77754.492,  86298.227,  95524.883, 105406.695, 115723.898, 126366.727, 137041.875, 147664.844, 157872.906, 167717.094,  0.0000000,  0.0000000,  0.0000000,  0.0000000,  0.0000000,
10,08/05/10,11:04:23,10,e915650608056056982574555406184553523,65,915650,488,1344,584,-25098,222, 0.89600003,734.432,  0.000,17,4,4,0,0,452,288,34,3941,0,0,81,00,00,00,0000,0000,0000,0,0,0,0,0,0,0000,0000,0,502532,0,0,0,324048,0,0,0,0,0,0,0,0,0,0,0,0,13,31,9,0,0,9,93,57,61,0,0,61,  7.39487, 41.463, 96.188,41.40,96.14,0.09,0.00,0.00,7.40,82701.31,227114.94,39552.07,0.00,0.00,583286.44,31011.30,234086.50,230711.41,0.00,0.00,97789.68,29895.771484,134406.406250,141427.421875,0.000000,0.000000,77954.156250,  6.03488,1472,2309,2333,2306,2764,1490,770,2311,1285,2305,1578,1492,0,0,0,0,0,0,  0.00000,  0.00000,  0.00000,  0.00000,2064,2064,      0.000,      0.000, 0.0000000, 0.0000000, 0.0000000, 0.0000000,      0.000,      0.000,      0.000,      0.000,      0.000,      0.000,      0.000,      0.000,      0.000,      0.000,      0.000,      0.000,      0.000,      0.000,      0.000,      0.000,      0.000,      0.000,      0.000,      0.000,      0.000,      0.000,      0.000,      0.000,      0.000,      0.000,      0.000,      0.000,      0.000,      0.000,      0.000,      0.000,      0.000,  41300.152,  40960.746,  40689.637,  40478.313,  40306.723,  40163.281,  39993.023,  39786.914,  39647.348,  39661.465,  39863.730,  40282.563,  40899.660,  41761.422,  42878.883,  44271.180,  46023.820,  48142.254,  50713.488,  53817.133,  57564.742,  62066.625,  67472.672,  73896.797,  81385.312,  89794.797,  99178.359, 109359.922, 120127.953, 131099.531,  0.0000000,  0.0000000,  0.0000000,  0.0000000,  0.0000000,
11,08/05/10,11:12:50,11,e915650608056056982574555406184553523,65,915650,472,1440,576,-24597,352, 0.89600003,734.432,  0.000,40,3,2,0,0,373,283,42,4113,0,0,75,00,00,00,0000,0000,0000,0,0,0,0,0,0,0000,0000,0,500833,0,0,0,315022,0,0,0,0,0,0,0,0,0,0,0,0,39,31,9,0,0,9,95,57,61,0,0,61,  7.39487, 41.463, 96.188,41.60,96.16,0.09,0.00,0.00,7.40,84002.72,234911.16,39263.18,0.00,0.00,567039.94,31098.22,233295.06,229606.50,0.00,0.00,97628.45,30431.076172,133319.906250,132442.656250,0.000000,0.000000,75784.515625,  6.03488,1474,2305,2317,2305,2779,1489,762,2309,1269,2305,1562,1491,0,0,0,0,0,0,  0.00000,  0.00000,  0.00000,  0.00000,1919,1919,      0.000,      0.000, 0.0000000, 0.0000000, 0.0000000, 0.0000000,      0.000,      0.000,      0.000,      0.000,      0.000,      0.000,      0.000,      0.000,      0.000,      0.000,      0.000,      0.000,      0.000,      0.000,      0.000,      0.000,      0.000,      0.000,      0.000,      0.000,      0.000,      0.000,      0.000,      0.000,      0.000,      0.000,      0.000,      0.000,      0.000,      0.000,      0.000,      0.000,      0.000,  41004.137,  40663.313,  40389.387,  40185.773,  40000.559,  39857.637,  39724.840,  39516.555,  39272.301,  39173.426,  39292.227,  39590.828,  40080.184,  40794.340,  41736.211,  42938.246,  44437.895,  46265.555,  48475.230,  51151.516,  54374.656,  58271.758,  62949.938,  68579.922,  75256.242,  83000.820,  91692.578, 101305.828, 111684.742, 122534.875,  0.0000000,  0.0000000,  0.0000000,  0.0000000,  0.0000000,
12,08/05/10,14:31:56,12,e915650608056056982574555406184553523,65,915650,464,1440,560,-12718,11803, 0.89600003,732.967,  0.000,108,18,1361,0,0,36,282,33,1734,0,0,56,00,00,00,0000,0000,0000,0,0,0,0,0,0,0000,0000,0,494069,0,0,0,326348,0,0,0,0,0,0,0,0,0,0,0,0,21,27,9,0,0,9,75,43,61,0,0,61,  7.39547, 41.373, 95.979,41.00,95.80,0.10,0.00,0.00,7.40,82516.70,218960.55,39833.08,0.00,0.00,587426.63,32195.05,230389.67,212971.23,0.00,0.00,133061.13,38079.894531,285897.625000,64789.171875,0.000000,0.000000,168563.843750,  6.03488,1461,2313,2327,2305,2763,1492,711,2314,938,2305,899,1492,0,0,0,0,0,0,  0.00000,  0.00000, 14.06597, 72.86354,85,58,      0.000,      0.000, 0.0000000, 0.0000000, 0.0000000, 0.0000000,      0.000,      0.000,      0.000,      0.000,      0.000,      0.000,      0.000,      0.000,      0.000,      0.000,      0.000,      0.000,      0.000,      0.000,      0.000,      0.000,      0.000,      0.000,      0.000,      0.000,      0.000,      0.000,      0.000,      0.000,      0.000,      0.000,      0.000,      0.000,      0.000,      0.000,      0.000,      0.000,      0.000,  40891.535,  40663.762,  40469.348,  40326.316,  40206.957,  40123.258,  40062.801,  39879.938,  39658.254,  39648.887,  39784.316,  40027.711,  40389.430,  40855.188,  41426.828,  42101.648,  42854.727,  43739.660,  44702.977,  45760.043,  46927.633,  48199.453,  49578.969,  51080.801,  52689.297,  54419.391,  56265.375,  58253.863,  60386.379,  62654.555,  0.0000000,  0.0000000,  0.0000000,  0.0000000,  0.0000000,
13,08/05/10,14:37:18,13,e915650608056056982574555406184553523,65,915650,480,1344,576,-12328,227, 0.89600003,732.845,  0.000,143,8,540,0,0,91,272,33,1828,0,0,54,00,00,00,0000,0000,0000,0,0,0,0,0,0,0000,0000,0,497779,0,0,0,313174,0,0,0,0,0,0,0,0,0,0,0,0,25,31,9,0,0,9,79,45,61,0,0,61,  7.39552, 41.366, 95.962,40.88,95.88,0.10,0.00,0.00,7.40,85164.86,226978.53,39537.75,0.00,0.00,563713.56,33277.79,232140.39,224629.64,0.00,0.00,126279.27,39338.710937,289946.500000,66064.789063,0.000000,0.000000,159020.500000,  6.03488,1493,2317,2342,2305,2782,1493,711,2319,932,2305,911,1494,0,0,0,0,0,0,  0.00000,  0.00000, 14.08013, 72.85540,56,55,      0.000,      0.000, 0.0000000, 0.0000000, 0.0000000, 0.0000000,      0.000,      0.000,      0.000,      0.000,      0.000,      0.000,      0.000,      0.000,      0.000,      0.000,      0.000,      0.000,      0.000,      0.000,      0.000,      0.000,      0.000,      0.000,      0.000,      0.000,      0.000,      0.000,      0.000,      0.000,      0.000,      0.000,      0.000,      0.000,      0.000,      0.000,      0.000,      0.000,      0.000,  41018.801,  40770.574,  40567.102,  40407.680,  40287.191,  40194.063,  40106.715,  39975.148,  39725.754,  39682.566,  39811.035,  40061.773,  40416.504,  40884.977,  41464.266,  42154.836,  42948.863,  43843.730,  44837.285,  45941.953,  47155.539,  48491.758,  49921.711,  51494.828,  53189.512,  54999.957,  56959.930,  59060.188,  61324.051,  63778.457,  0.0000000,  0.0000000,  0.0000000,  0.0000000,  0.0000000,
14,08/05/10,14:50:44,14,e915650608056056982574555406184553523,65,915650,464,1296,592,-11476,696, 0.89600003,732.967,  0.000,74,6,322,0,0,72,278,51,1881,0,0,133,00,00,00,0000,0000,0000,0,0,0,0,0,0,0000,0000,0,497686,0,0,0,321015,0,0,0,0,0,0,0,0,0,0,0,0,19,31,9,0,0,9,83,49,61,0,0,63,  7.39547, 41.374, 95.981,41.12,95.91,0.07,0.00,0.00,7.40,83598.49,232237.44,39466.55,0.00,0.00,577828.75,32006.78,232074.30,226390.14,0.00,0.00,132598.55,34697.851562,224650.234375,67725.125000,0.000000,0.000000,139712.875000,  6.03488,1478,2311,2318,2306,2785,1491,2042,2314,998,2305,791,1492,0,0,0,0,0,0,  0.00000,  0.00000, 13.92600, 98.68941,64,62,      0.000,      0.000, 0.0000000, 0.0000000, 0.0000000, 0.0000000,      0.000,      0.000,      0.000,      0.000,      0.000,      0.000,      0.000,      0.000,      0.000,      0.000,      0.000,      0.000,      0.000,      0.000,      0.000,      0.000,      0.000,      0.000,      0.000,      0.000,      0.000,      0.000,      0.000,      0.000,      0.000,      0.000,      0.000,      0.000,      0.000,      0.000,      0.000,      0.000,      0.000,  41083.441,  40829.824,  40608.691,  40457.816,  40328.645,  40223.180,  40137.203,  39945.465,  39699.668,  39676.367,  39835.531,  40089.258,  40490.258,  40993.887,  41609.730,  42339.133,  43178.414,  44138.148,  45206.898,  46390.027,  47670.801,  49090.191,  50624.496,  52293.785,  54083.813,  56013.484,  58101.230,  60336.059,  62731.227,  65315.648,  0.0000000,  0.0000000,  0.0000000,  0.0000000,  0.0000000,
15,08/05/10,14:58:02,15,e915650608056056982574555406184553523,65,915650,488,1344,592,-11038,307, 0.89600003,732.723,  0.000,85,0,122,0,0,61,286,46,2063,0,0,129,00,00,00,0000,0000,0000,0,0,0,0,0,0,0000,0000,0,492368,0,0,0,321047,0,0,0,0,0,0,0,0,0,0,0,0,19,31,9,0,0,9,83,49,61,0,0,63,  7.39557, 41.358, 95.945,41.07,95.94,0.08,0.00,0.00,7.40,81722.88,232049.55,39423.46,0.00,0.00,577884.81,31902.18,229636.84,227987.38,0.00,0.00,132805.89,34611.226562,222278.656250,70392.921875,0.000000,0.000000,139532.937500,  6.03488,1478,2316,2323,2305,2783,1492,2024,2317,1005,2305,793,1494,0,0,0,0,0,0,  0.00000,  0.00000, 13.86863, 98.35068,65,65,      0.000,      0.000, 0.0000000, 0.0000000, 0.0000000, 0.0000000,      0.000,      0.000,      0.000,      0.000,      0.000,      0.000,      0.000,      0.000,      0.000,      0.000,      0.000,      0.000,      0.000,      0.000,      0.000,      0.000,      0.000,      0.000,      0.000,      0.000,      0.000,      0.000,      0.000,      0.000,      0.000,      0.000,      0.000,      0.000,      0.000,      0.000,      0.000,      0.000,      0.000,  41024.656,  40769.055,  40565.246,  40399.453,  40286.582,  40192.770,  40110.742,  39927.852,  39662.715,  39646.047,  39795.379,  40062.379,  40472.965,  40985.727,  41627.637,  42393.824,  43292.555,  44301.000,  45425.988,  46679.625,  48065.680,  49581.840,  51261.824,  53067.461,  55046.684,  57185.754,  59488.199,  61998.094,  64720.918,  67651.805,  0.0000000,  0.0000000,  0.0000000,  0.0000000,  0.0000000,
16,08/05/10,15:21:21,16,e915650608056056982574555406184553523,65,915650,504,1360,592,-9679,1236, 0.89600003,732.723,  0.000,26,10,1194,0,0,264,282,50,1216,0,0,142,00,00,00,0000,0000,0000,0,0,0,0,0,0,0000,0000,0,495937,0,0,0,325087,0,0,0,0,0,0,0,0,0,0,0,0,11,31,9,0,0,9,91,69,61,0,0,85,  7.39557, 41.359, 95.946,41.27,95.84,0.09,0.00,0.00,7.40,82733.53,231481.08,39621.19,0.00,0.00,585158.25,30735.95,231299.19,144772.75,0.00,0.00,133171.84,30499.429688,140776.015625,56264.890625,0.000000,0.000000,111568.882813,  6.03488,1479,2313,2343,2305,2783,1492,2320,2316,1032,2305,778,1493,0,0,0,0,0,0,  0.00000,  0.00000, 13.70416,101.56247,69,70,      0.000,      0.000, 0.0000000, 0.0000000, 0.0000000, 0.0000000,      0.000,      0.000,      0.000,      0.000,      0.000,      0.000,      0.000,      0.000,      0.000,      0.000,      0.000,      0.000,      0.000,      0.000,      0.000,      0.000,      0.000,      0.000,      0.000,      0.000,      0.000,      0.000,      0.000,      0.000,      0.000,      0.000,      0.000,      0.000,      0.000,      0.000,      0.000,      0.000,      0.000,  40803.984,  40567.195,  40369.688,  40220.664,  40095.770,  39960.414,  39819.703,  39629.109,  39433.090,  39312.832,  39315.566,  39424.391,  39651.633,  39971.113,  40380.555,  40868.809,  41458.332,  42106.703,  42833.777,  43631.051,  44482.547,  45409.582,  46406.738,  47444.016,  48554.824,  49722.457,  50949.160,  52233.055,  53550.789,  54949.332,  0.0000000,  0.0000000,  0.0000000,  0.0000000,  0.0000000,
17,08/05/10,15:27:27,17,e915650608056056982574555406184553523,65,915650,464,1344,592,-9338,209, 0.89600003,732.601,  0.000,50,9,1243,0,0,237,289,47,1361,0,0,134,00,00,00,0000,0000,0000,0,0,0,0,0,0,0000,0000,0,487035,0,0,0,313490,0,0,0,0,0,0,0,0,0,0,0,0,13,31,9,0,0,9,95,71,61,0,0,85,  7.39562, 41.351, 95.928,41.18,95.83,0.09,0.00,0.00,7.40,82942.31,224329.72,39101.09,0.00,0.00,564282.13,32359.44,227169.33,179634.73,0.00,0.00,129678.92,32395.085938,137384.421875,57717.750000,0.000000,0.000000,107967.429688,  6.03488,1481,2317,2326,2305,2796,1492,2311,2320,1026,2305,779,1494,0,0,0,0,0,0,  0.00000,  0.00000, 13.74868,101.47880,65,60,      0.000,      0.000, 0.0000000, 0.0000000, 0.0000000, 0.0000000,      0.000,      0.000,      0.000,      0.000,      0.000,      0.000,      0.000,      0.000,      0.000,      0.000,      0.000,      0.000,      0.000,      0.000,      0.000,      0.000,      0.000,      0.000,      0.000,      0.000,      0.000,      0.000,      0.000,      0.000,      0.000,      0.000,      0.000,      0.000,      0.000,      0.000,      0.000,      0.000,      0.000,  40283.102,  40031.715,  39819.953,  39658.500,  39543.320,  39446.074,  39348.320,  39107.734,  38728.871,  38536.789,  38523.250,  38673.254,  38942.934,  39318.582,  39793.539,  40336.512,  40983.848,  41700.500,  42504.578,  43384.602,  44345.145,  45390.590,  46488.996,  47668.441,  48912.363,  50239.527,  51635.809,  53089.156,  54618.145,  56200.355,  0.0000000,  0.0000000,  0.0000000,  0.0000000,  0.0000000,
18,08/05/10,15:32:40,18,e915650608056056982574555406184553523,65,915650,480,1360,576,-8979,226, 0.89600003,732.967,  0.000,132,23,1419,0,0,80,274,33,1659,0,0,70,00,00,00,0000,0000,0000,0,0,0,0,0,0,0000,0000,0,502390,0,0,0,323048,0,0,0,0,0,0,0,0,0,0,0,0,23,31,9,0,0,9,73,47,61,0,0,61,  7.39546, 41.374, 95.982,40.93,95.75,0.07,0.00,0.00,7.40,80642.04,228736.72,39209.01,0.00,0.00,581488.13,31203.64,234265.67,198398.39,0.00,0.00,132521.33,36635.468750,285849.218750,62833.105469,0.000000,0.000000,162889.171875,  6.03488,1491,2318,2334,2305,2777,1493,871,2314,949,2304,876,1492,0,0,0,0,0,0,  0.00000,  0.00000, 14.04679, 77.81664,78,78,      0.000,      0.000, 0.0000000, 0.0000000, 0.0000000, 0.0000000,      0.000,      0.000,      0.000,      0.000,      0.000,      0.000,      0.000,      0.000,      0.000,      0.000,      0.000,      0.000,      0.000,      0.000,      0.000,      0.000,      0.000,      0.000,      0.000,      0.000,      0.000,      0.000,      0.000,      0.000,      0.000,      0.000,      0.000,      0.000,      0.000,      0.000,      0.000,      0.000,      0.000,  41016.617,  40746.832,  40531.207,  40354.566,  40227.656,  40118.977,  40048.785,  39924.203,  39652.215,  39543.609,  39626.563,  39812.832,  40122.121,  40525.293,  41039.563,  41653.070,  42357.148,  43174.238,  44083.973,  45097.824,  46191.352,  47375.984,  48681.379,  50069.785,  51590.430,  53187.797,  54916.574,  56763.316,  58751.855,  60840.699,  0.0000000,  0.0000000,  0.0000000,  0.0000000,  0.0000000,
19,08/05/10,15:38:15,19,e915650608056056982574555406184553523,65,915650,456,1440,560,-8594,232, 0.89600003,733.089,  0.000,121,18,1093,0,0,60,274,35,1679,0,0,80,00,00,00,0000,0000,0000,0,0,0,0,0,0,0000,0000,0,498299,0,0,0,318937,0,0,0,0,0,0,0,0,0,0,0,0,23,31,9,0,0,9,77,47,61,0,0,61,  7.39542, 41.381, 95.998,40.97,95.82,0.08,0.00,0.00,7.40,80685.08,225887.02,39789.45,0.00,0.00,574086.81,31045.41,232339.94,215134.64,0.00,0.00,131295.13,35918.175781,273404.531250,63773.800781,0.000000,0.000000,157533.875000,  6.03488,1471,2313,2326,2305,2784,1491,1081,2310,966,2305,843,1491,0,0,0,0,0,0,  0.00000,  0.00000, 14.01590, 83.11822,63,61,      0.000,      0.000, 0.0000000, 0.0000000, 0.0000000, 0.0000000,      0.000,      0.000,      0.000,      0.000,      0.000,      0.000,      0.000,      0.000,      0.000,      0.000,      0.000,      0.000,      0.000,      0.000,      0.000,      0.000,      0.000,      0.000,      0.000,      0.000,      0.000,      0.000,      0.000,      0.000,      0.000,      0.000,      0.000,      0.000,      0.000,      0.000,      0.000,      0.000,      0.000,  41819.395,  41504.617,  41262.113,  41073.965,  40934.027,  40822.551,  40728.523,  40641.633,  40363.602,  40227.793,  40268.371,  40459.488,  40740.676,  41148.820,  41643.695,  42258.906,  42966.027,  43772.250,  44678.387,  45687.762,  46781.188,  48000.738,  49310.770,  50718.660,  52254.793,  53895.813,  55669.949,  57545.184,  59572.559,  61740.961,  0.0000000,  0.0000000,  0.0000000,  0.0000000,  0.0000000,
Lowtask enabled
dbg > db /pat /d
Lowtask disabled

Patient Data
--------------
Total Samples: 13
1,08/05/10,10:16:55,1,,0,N/A0, 37.0,ADULT,0,0,0,  0.00000,  0.00000,  0.00000,  0.00000,15.0,33.3,,,26.7,    0,    0,    0,0.0,  0.0,    0,    0,    0,0.00,0.0,,0,,1,7.403,39.8,268.1,-----,NORESULT,-----,NORESULT,-----,-----,-1.14,-----,-----,1,1,1,0,0,0,0,0,0,0,0,0, 99.9,0,            ,OFF,LR
2,08/05/10,10:56:46,8,,0,N/A0, 37.0,ADULT,0,0,0,  0.00000,  0.00000,  0.00000,  0.00000,15.0,33.3,,,26.7,    0,    0,    0,0.0,  0.0,    0,    0,    0,0.00,0.0,,0,,8,6.814,57.3,64.4,-----,NORESULT,-----,NORESULT,-----,-----,15.59,-----,-----,1,1,1,0,0,0,0,0,0,1,0,0, 59.6,0,            ,OFF,LR
3,08/05/10,11:01:28,9,,0,N/A0, 37.0,ADULT,0,0,0,  0.00000,  0.00000,  0.00000,  0.00000,15.0,33.3,,,26.7,    0,    0,    0,0.0,  0.0,    0,    0,    0,0.00,0.0,,0,,9,6.825,81.1,64.1,-----,NORESULT,-----,NORESULT,-----,-----,16.03,-----,-----,1,1,1,0,0,0,0,0,0,1,0,0, 60.7,0,            ,OFF,LR
4,08/05/10,11:07:30,10,,0,N/A0, 37.0,ADULT,0,0,0,  0.00000,  0.00000,  0.00000,  0.00000,15.0,33.3,,,26.7,    0,    0,    0,0.0,  0.0,    0,    0,    0,0.00,0.0,,0,,10,7.899,7.6,462.0,-----,NORESULT,-----,NORESULT,-----,-----,9.16,-----,-----,3,2,1,0,0,0,0,0,0,1,0,0,NORESULT,0,            ,OFF,LR
5,08/05/10,11:15:46,11,,0,N/A0, 37.0,ADULT,0,0,0,  0.00000,  0.00000,  0.00000,  0.00000,15.0,33.3,,,26.7,    0,    0,    0,0.0,  0.0,    0,    0,    0,0.00,0.0,,0,,11,7.899,10.7,466.7,-----,NORESULT,-----,NORESULT,-----,-----,8.54,-----,-----,3,1,1,0,0,0,0,0,0,1,0,0,NORESULT,0,            ,OFF,LR
6,08/05/10,14:34:40,12,,0,N/A0, 37.0,ADULT,0,0,0,  0.00000,  0.00000,  0.00000,  0.00000,15.0,33.3,,,26.7,    0,    0,    0,0.0,  0.0,    0,    0,    0,0.00,0.0,,0,,12,7.186,78.4,49.6,-----,NORESULT,-----,NORESULT,-----,-----,4.62,14.4,72.9,1,1,1,0,0,0,0,0,0,1,1,1, 72.9,0,            ,OFF,LR
7,08/05/10,14:40:30,13,,0,N/A0, 37.0,ADULT,0,0,0,  0.00000,  0.00000,  0.00000,  0.00000,15.0,33.3,,,26.7,    0,    0,    0,0.0,  0.0,    0,    0,    0,0.00,0.0,,0,,13,7.204,78.1,48.6,-----,NORESULT,-----,NORESULT,-----,-----,4.99,14.5,72.9,1,1,1,0,0,0,0,0,0,1,1,1, 72.9,0,            ,OFF,LR
8,08/05/10,14:54:17,14,,0,N/A0, 37.0,ADULT,0,0,0,  0.00000,  0.00000,  0.00000,  0.00000,15.0,33.3,,,26.7,    0,    0,    0,0.0,  0.0,    0,    0,    0,0.00,0.0,,0,,14,7.353,40.0,97.4,-----,NORESULT,-----,NORESULT,-----,-----,5.40,13.7,98.7,1,1,1,0,0,0,0,0,0,1,1,1, 97.4,0,            ,OFF,LR
9,08/05/10,15:01:35,15,,0,N/A0, 37.0,ADULT,0,0,0,  0.00000,  0.00000,  0.00000,  0.00000,15.0,33.3,,,26.7,    0,    0,    0,0.0,  0.0,    0,    0,    0,0.00,0.0,,0,,15,7.355,40.3,97.4,-----,NORESULT,-----,NORESULT,-----,-----,5.86,13.7,98.4,1,1,1,0,0,0,0,0,0,1,1,1, 97.4,0,            ,OFF,LR
10,08/05/10,15:24:30,16,,0,N/A0, 37.0,ADULT,0,0,0,  0.00000,  0.00000,  0.00000,  0.00000,15.0,33.3,,,26.7,    0,    0,    0,0.0,  0.0,    0,    0,    0,0.00,0.0,,0,,16,7.569,13.7,404.9,-----,NORESULT,-----,NORESULT,-----,-----,4.95,13.4,100.0,1,1,1,0,0,0,0,0,0,1,1,1, 99.9,0,            ,OFF,LR
11,08/05/10,15:30:22,17,,0,N/A0, 37.0,ADULT,0,0,0,  0.00000,  0.00000,  0.00000,  0.00000,15.0,33.3,,,26.7,    0,    0,    0,0.0,  0.0,    0,    0,    0,0.00,0.0,,0,,17,7.566,15.9,410.7,-----,NORESULT,-----,NORESULT,-----,-----,5.39,13.5,100.0,1,1,1,0,0,0,0,0,0,1,1,1, 99.9,0,            ,OFF,LR
12,08/05/10,15:36:08,18,,0,N/A0, 37.0,ADULT,0,0,0,  0.00000,  0.00000,  0.00000,  0.00000,15.0,33.3,,,26.7,    0,    0,    0,0.0,  0.0,    0,    0,    0,0.00,0.0,,0,,18,7.211,74.6,52.3,-----,NORESULT,-----,NORESULT,-----,-----,4.71,14.3,77.8,1,1,1,0,0,0,0,0,0,1,1,1, 77.8,0,            ,OFF,LR
13,08/05/10,15:42:06,19,,0,N/A0, 37.0,ADULT,0,0,0,  0.00000,  0.00000,  0.00000,  0.00000,15.0,33.3,,,26.7,    0,    0,    0,0.0,  0.0,    0,    0,    0,0.00,0.0,,0,,19,7.231,67.4,58.2,-----,NORESULT,-----,NORESULT,-----,-----,4.81,14.2,83.1,1,1,1,0,0,0,0,0,0,1,1,1, 83.1,0,            ,OFF,LR
Lowtask enabled
dbg > db /qc1 /d
Lowtask disabled

QC Level 1 Data
--------------
Total Samples: 2
1,08/05/10,10:26:35,2,,2,30,7.164,68.9,73.6,-----,-----,-----,-----,-----,-----,0.37,20.8,82.5,FAIL,0
2,08/05/10,10:31:41,3,,3,30,7.164,66.5,75.4,-----,-----,-----,-----,-----,-----,0.48,20.9,82.6,FAIL,0
Lowtask enabled
dbg > db /qc2 /d
Lowtask disabled

QC Level 2 Data
--------------
Total Samples: 2
1,08/05/10,10:37:01,4,,4,30,7.426,40.8,113.2,-----,-----,-----,-----,-----,-----,1.74,14.3,89.8,FAIL,0
2,08/05/10,10:41:59,5,,5,30,7.432,40.5,114.3,-----,-----,-----,-----,-----,-----,1.86,14.3,90.2,FAIL,0
Lowtask enabled
dbg > db /qc3 /d
Lowtask disabled

QC Level 3 Data
--------------
Total Samples: 2
1,08/05/10,10:47:29,6,,6,30,7.637,20.2,157.7,-----,-----,-----,-----,-----,-----,3.71,9.0,97.0,FAIL,0
2,08/05/10,10:52:23,7,,7,30,7.632,20.6,159.3,-----,-----,-----,-----,-----,-----,4.00,9.0,97.7,PASS,0
Lowtask enabled
dbg > db /src1 /d
Lowtask disabled

SRC 1 Data
--------------
Total Samples: 0
Lowtask enabled
dbg > db /src2 /d
Lowtask disabled

SRC 2 Data
--------------
Total Samples: 0
Lowtask enabled
dbg > db /src3 /d
Lowtask disabled

SRC 3 Data
--------------
Total Samples: 0
Lowtask enabled
dbg > ver
OPTI Medical OPTI CCA-TS - 3.00.0023 - May 12 2009 10:48:06
Optics ROM version: OPTIC2H 7/11/97
dbg > set /d
seqnum= 19
idac1= 500
idac2= 1428
idac3= 636
aspbubblerear_to=   8.00
aspend_to=   1.40
aspfrbubble_to=   2.00
aspfrfluid_to=  15.00
aspfluidion_to=   2.50
aspfrontrear_to=  15.00
aspwait_to= 600.00
blowbuf2_to=   5.60
blowbuf4_to=  12.00
cal2_to =  90.00
flow1_to=   2.30
flow2_to=   2.20
flow3_to=   3.80
flow4_to=   4.00
flowinit_to=  20.00
flowwt_to=   0.00
ionwait_to=  10.00
pump_to =   2.00
sample_to= 240.00
srcmeasure_to=  30.00
srcwarmup_to=  30.00
timedasp_to=   4.30
timedasp2_to=   5.00
timedasp3_to=   5.00
warmcal_to=  35.00
presamp_to=   0.50
suckasp1_to=   1.80
clr1blow_to=   3.50
clr1suck_to=   2.00
clr2blow_to=   3.00
Normal blood factors:
    pH :   3.869000  -0.045000   0.070000
   3.018000   0.070000   0.070000
   0.000000   1.000000   0.000000

    PCO2 :  -0.220000   1.000000   0.000000
  16.235800  -0.304500   0.024330
   5.135310   0.917290   0.000900

    PO2 :   1.400000   0.990000   0.000200
 -21.000000   0.960000   0.003000
-355.000000   3.910000  -0.003500

    Na+  :  -0.029800   1.261000  -0.800000
   0.000000   0.000000   0.000000
   0.000000   0.000000   0.000000

    K+   :  -0.000350   0.986500   0.000000
   0.000000   0.000000   0.000000
   0.000000   0.000000   0.000000

    Cl-  :  -0.001400   0.925000   1.500000
   0.000000   0.000000   0.000000
   0.000000   0.000000   0.000000

    Ca++ :   0.000315   0.705000   0.002400
   0.000000   0.000000   0.000000
   0.000000   0.000000   0.000000

    Glu  :   0.000000   1.000000   0.000000
   0.000000   0.000000   0.000000
   0.000000   0.000000   0.000000

    BUN  :   0.000022   1.028000   0.000000
   0.007000  -0.005000   1.490000
   0.000000   0.014700   0.000000

    Lac :   0.000000   0.000000   0.000000
   0.000000   0.000000   0.000000
   0.000000   0.000000   0.000000

Dry-cassette blood factors:
    pH :   0.000000   1.000000   0.000000
   0.000000   1.000000   0.000000
   0.000000   0.000000   0.000000

    PCO2 :   0.000000   1.000000   0.000000
   0.000000   1.000000   0.000000
   0.000000   1.000000   0.000000

    PO2 : -12.300000   1.048200   0.000000
 -67.099998   1.246900   0.003500
-172.399994   2.489000   0.000000

    Na+  :   0.000000   0.000000   0.000000
   0.000000   0.000000   0.000000
   0.000000   0.000000   0.000000

    K+   :   0.000000   0.000000   0.000000
   0.000000   0.000000   0.000000
   0.000000   0.000000   0.000000

    Cl-  :   0.000000   0.000000   0.000000
   0.000000   0.000000   0.000000
   0.000000   0.000000   0.000000

    Ca++ :   0.000000   0.000000   0.000000
   0.000000   0.000000   0.000000
   0.000000   0.000000   0.000000

    Glu  :   0.000000   0.000000   0.000000
   0.000000   0.000000   0.000000
   0.000000   0.000000   0.000000

    BUN  :   0.000000   0.000000   0.000000
   0.000000   0.000000   0.000000
   0.000000   0.000000   0.000000

    Lac :   0.000000   1.000000   0.000000
  14.000000  11.100000  -1.200000
   0.000000   0.000000   0.000000

breakptp1=   7.400000
breakpto1=  95.000000
breakpto2= 215.000000
breakpt_1_lac_oxy= 100.000000
breakpt_2_lac_oxy= 215.000000
breakptc1=  20.299999
breakptc2=  40.400002
bufa=  -4.261890
bufb=   3.147540
bufc=  -0.318063
baro_factor=   0.000
pp_rate0=    0pp_rate1=  600
pp_rate2=  300pp_rate3=  600
pp_rate4=  600pp_rate5=  400
pp_rate6=  100pp_rate7=   75
pp_rate8=   50pp_rate9=  100
pp_rate10=  600pp_rate11=   50
pp_rate12=  300pp_rate13=    4
pp_rate14=  150pp_rate15=  600
pp_rate16=   75pp_rate17=  750
pp_rate18=   40pp_rate19=   80
pp_rate20=  100pp_rate21=   60
pp_rate22=  400pp_rate23=  200
pp_rate24=  100pp_rate25=  100
pp_rate26=  200pp_rate27=  300
pp_rate28=  100pp_rate29=  200
pp_rate30=  200pp_rate31=  400
pp_rate32=  600pp_rate33=  400
lg_sample0=    2lg_sample1=    5
lg_sample2=    7lg_sample3=    5
lg_sample4=    2lg_sample5=    2
lg_sample6=    2lg_sample7=    5
lg_sample8=    2lg_sample9=    5
lg_sample10=    3
ffalse[0]= 355ffalse[1]= 1803
ffalse[2]= 498ffalse[3]= 4274
ffalse[4]= 4943ffalse[5]= 4985
epr[pH]= 0.550epr[PCO2]= 0.600epr[PO2]= 0.650
epr[Na+ ]= 0.550epr[K+  ]= 0.500epr[Cl- ]= 0.500
epr[Ca++]= 0.500epr[Glu ]= 0.500epr[BUN ]= 0.500
epr[Lac]= 0.500
epf[pH]= 0.550epf[PCO2]= 0.600epf[PO2]= 0.650
epf[Na+ ]= 0.550epf[K+  ]= 0.500epf[Cl- ]= 0.500
epf[Ca++]= 0.500epf[Glu ]= 0.500epf[BUN ]= 0.500
epf[Lac]= 0.500
vol_i=  0.00000
pump_k=  0.00000
airfo1=  0.00000
senfc1=  0.00000
senfc2=  1.00000
thresho2cal= 700.0
o2diff=  0.10000
max_repeat= 0
optic_delay=   2.00
home_offset= 350
clearmode= 2
phr corr= 160
pcr corr= 75
SRC Lot: 000000 8/5/109,7.080,7.120,7.100,0.400,0.150,68.000,72.000,70.000,0.400,0.150,57.000,63.000,60.000,0.400,0.150,123.000,127.000,125.000,0.400,0.200,2.200,2.800,2.500,0.400,0.200,78.000,82.000,80.000,0.400,0.200,1.700,1.900,1.800,0.400,0.200,36.000,44.000,40.000,0.400,0.200,1.500,2.500,2.000,0.400,0.200,0.700,1.300,1.000,0.400,0.200,18.500,21.500,20.000,0.000,0.800,68.000,72.000,70.000,0.000,0.800,
SRC Lot: 000000 8/5/109,7.380,7.420,7.400,0.400,0.150,38.000,42.000,40.000,0.400,0.150,97.000,103.000,100.000,0.400,0.150,143.000,147.000,145.000,0.400,0.200,4.200,4.800,4.500,0.400,0.200,103.000,107.000,105.000,0.400,0.200,1.000,1.200,1.100,0.400,0.200,106.000,114.000,110.000,0.400,0.200,9.500,10.500,10.000,0.400,0.200,2.200,2.800,2.500,0.400,0.200,12.500,15.500,14.000,0.000,0.800,88.000,92.000,90.000,0.000,0.800,
SRC Lot: 000000 8/5/109,7.580,7.620,7.600,0.400,0.150,18.000,22.000,20.000,0.400,0.150,167.000,173.000,170.000,0.400,0.150,163.000,167.000,165.000,0.400,0.200,6.700,7.300,7.000,0.400,0.200,128.000,132.000,130.000,0.400,0.200,0.600,0.800,0.700,0.400,0.200,296.000,304.000,300.000,0.400,0.200,24.500,25.500,25.000,0.400,0.200,9.700,10.300,10.000,0.400,0.200,6.500,9.500,8.000,0.000,0.800,96.000,100.000,98.000,0.000,0.800,
ion_na=   0.150000
ion_k=   0.005200
calna_a=   2.308000
calna_d=   0.107000
ion_cl=   0.108100
cl_a=  -2.441000
cl_b=  -0.733000
dbg > eeprom /dna_display
EEPROM DNA FingerPrint:
idac1=500
idac2=1428
idac3=636
serialnum=9223
false[1] = 355
false[2] = 1803
false[3] = 498
false[4] = 4274
false[5] = 4943
false[6] = 4985
lower limit=356
upper limit=3417
lower factor=500.000
upper factor=  0.800
home_offset=350
phr corr= 160
pcr corr= 75
gas 0psi= 14
gas 140psi= 3712
dbg > setion all
calna_a =   2.308000 calna_d =   0.107000
calca_a =   0.000000 calca_d =   0.000001 cl_a     =  -2.441000 cl_b     =  -0.733000 kf_a     =   0.258800
calgl_a = -695.000000 calgl_b =  60.000000 calgl_c =   0.060000 calgl_d =  50.000000
calnh4_a =   0.141700 calnh4_b =   0.017600 calnh4_c =   0.000000 calnh4_d =  -1.000000 calnh4_e =  -4.089000 calnh4_f = -37.367001
ion_na  =   0.150000
ion_k   =   0.005200 ion_cl  =   0.108100 ion_ca  =   0.001235
ion_k_d =   0.002200 ion_cl_d =   0.108100 ion_ca_d =   0.001750
actcoef_c =   0.337300
dbg > laserparam
WQC_SETTLE=0.1000
WQC_NUM   =75
SAM_SETTLE=0.1000
SAM_NUM   =75
K1        =2.8714F1          =1.0000
K2        =2.6819F2          =1.0000
K3        =0.6783F3          =1.0000
K4        =-8.9710F4          =0.0000
K5        =16.8960F5          =0.0000
K6        =6.7343F6          =7.7000
K7        =14.1790F7          =52.4000
K8        =120.5000F8          =11.0000
K9        =0.1644F9          =51.3000
K10       =0.1428F10         =15.7000
K11       =0.0040F11         =2.0000
K12       =1.4519F12         =55.3000
dbg > sensors /table
Sensors Table
pH:5.690000 0.008000 0.000000 0.000000 0.000012 1.000000 0.000000 0.005000
PCO2:6.860000 0.008000 0.000000 0.000000 0.000030 0.200000 0.300000 0.700000
PO2:0.770000 0.003000 0.000000 0.000000 0.000400 0.200000 0.000000 0.700000
Na+ :-1.480000 0.015000 0.020000 0.008000 0.000600 0.200000 0.000000 0.000500
K+  :0.019000 0.002000 0.200000 0.030000 -0.000800 0.200000 -0.000100 0.000100
Cl- :4.550000 0.100000 0.000000 0.000000 0.001500 0.200000 0.001200 0.001000
Ca++:0.460000 0.020000 0.000420 0.000040 -0.000300 0.200000 0.000000 0.000025
Glu :0.525000 0.100000 -0.174000 0.008000 0.000800 0.200000 -0.042500 0.009000
BUN :0.534800 0.020000 3.811000 0.300000 -0.000490 0.400000 0.000479 0.000100
Lac:0.000000 0.000000 0.000000 0.000000 0.000000 0.000000 0.000000 0.000000
tHb :1.000000 0.020000 0.000000 0.000000 0.000000 0.000000 0.000000 0.000000
SO2 :1.000000 0.020000 0.000000 0.000000 0.000000 0.000000 0.000000 0.000000
B_Lac Sensors Table
pH:0.000000 0.000000 0.000000 0.000050 0.000000 0.000000
PCO2:300.000000 4.000000 0.000000 0.000100 1.050000 0.002000
PO2:0.800000 0.003000 0.000000 0.000100 0.000000 0.000000
Na+ :0.000000 0.000000 0.000000 0.000000 0.000000 0.000000
K+  :0.000000 0.000000 0.000000 0.000000 0.000000 0.000000
Cl- :0.000000 0.000000 0.000000 0.000000 0.000000 0.000000
Ca++:0.000000 0.000000 0.000000 0.000000 0.000000 0.000000
Glu :0.000000 0.000000 0.000000 0.000000 0.000000 0.000000
BUN :0.000000 0.000000 0.000000 0.000000 0.000000 0.000000
Lac:400.000000 2.000000 0.000000 0.000100 0.000000 0.000000
tHb :1.000000 0.020000 0.000000 0.000000 0.000000 0.000000
SO2 :1.000000 0.020000 0.000000 0.000000 0.000000 0.000000
dbg > 